,0,0,0,0,0,0,0,0,0,0
0,100,0,0,0,0,0,0,0,0,0
1,101,1,1,1,1,1,1,1,1,1
2,102,2,2,2,2,2,2,2,2,2
3,103,3,3,3,3,3,3,3,3,3
4,104,4,4,4,4,4,4,4,4,4
5,105,5,5,5,5,5,5,5,5,5
6,106,6,6,6,6,6,6,6,6,6
7,107,7,7,7,7,7,7,7,7,7
8,108,8,8,8,8,8,8,8,8,8
9,109,9,9,9,9,9,9,9,9,9
10,110,10,10,10,10,10,10,10,10,10
11,111,11,11,11,11,11,11,11,11,11
12,112,12,12,12,12,12,12,12,12,12
13,113,13,13,13,13,13,13,13,13,13
14,114,14,14,14,14,14,14,14,14,14
15,115,15,15,15,15,15,15,15,15,15
16,116,16,16,16,16,16,16,16,16,16
17,117,17,17,17,17,17,17,17,17,17
18,118,18,18,18,18,18,18,18,18,18
19,119,19,19,19,19,19,19,19,19,19
20,120,20,20,20,20,20,20,20,20,20
21,121,21,21,21,21,21,21,21,21,21
22,122,22,22,22,22,22,22,22,22,22
23,123,23,23,23,23,23,23,23,23,23
24,124,24,24,24,24,24,24,24,24,24
25,125,25,25,25,25,25,25,25,25,25
26,126,26,26,26,26,26,26,26,26,26
27,127,27,27,27,27,27,27,27,27,27
28,128,28,28,28,28,28,28,28,28,28
29,129,29,29,29,29,29,29,29,29,29
30,130,30,30,30,30,30,30,30,30,30
31,131,31,31,31,31,31,31,31,31,31
32,132,32,32,32,32,32,32,32,32,32
33,133,33,33,33,33,33,33,33,33,33
34,134,34,34,34,34,34,34,34,34,34
35,135,35,35,35,35,35,35,35,35,35
36,136,36,36,36,36,36,36,36,36,36
37,137,37,37,37,37,37,37,37,37,37
38,138,38,38,38,38,38,38,38,38,38
39,139,39,39,39,39,39,39,39,39,39
40,140,40,40,40,40,40,40,40,40,40
41,141,41,41,41,41,41,41,41,41,41
42,142,42,42,42,42,42,42,42,42,42
43,143,43,43,43,43,43,43,43,43,43
44,144,44,44,44,44,44,44,44,44,44
45,145,45,45,45,45,45,45,45,45,45
46,146,46,46,46,46,46,46,46,46,46
47,147,47,47,47,47,47,47,47,47,47
48,148,48,48,48,48,48,48,48,48,48
49,149,49,49,49,49,49,49,49,49,49
50,150,50,50,50,50,50,50,50,50,50
51,151,51,51,51,51,51,51,51,51,51
52,152,52,52,52,52,52,52,52,52,52
53,153,53,53,53,53,53,53,53,53,53
54,154,54,54,54,54,54,54,54,54,54
55,155,55,55,55,55,55,55,55,55,55
56,156,56,56,56,56,56,56,56,56,56
57,157,57,57,57,57,57,57,57,57,57
58,158,58,58,58,58,58,58,58,58,58
59,159,59,59,59,59,59,59,59,59,59
60,160,60,60,60,60,60,60,60,60,60
61,161,61,61,61,61,61,61,61,61,61
62,162,62,62,62,62,62,62,62,62,62
63,163,63,63,63,63,63,63,63,63,63
64,164,64,64,64,64,64,64,64,64,64
65,165,65,65,65,65,65,65,65,65,65
66,166,66,66,66,66,66,66,66,66,66
67,167,67,67,67,67,67,67,67,67,67
68,168,68,68,68,68,68,68,68,68,68
69,169,69,69,69,69,69,69,69,69,69
70,170,70,70,70,70,70,70,70,70,70
71,171,71,71,71,71,71,71,71,71,71
72,172,72,72,72,72,72,72,72,72,72
73,173,73,73,73,73,73,73,73,73,73
74,174,74,74,74,74,74,74,74,74,74
75,175,75,75,75,75,75,75,75,75,75
76,176,76,76,76,76,76,76,76,76,76
77,177,77,77,77,77,77,77,77,77,77
78,178,78,78,78,78,78,78,78,78,78
79,179,79,79,79,79,79,79,79,79,79
80,180,80,80,80,80,80,80,80,80,80
81,181,81,81,81,81,81,81,81,81,81
82,182,82,82,82,82,82,82,82,82,82
83,183,83,83,83,83,83,83,83,83,83
84,184,84,84,84,84,84,84,84,84,84
85,185,85,85,85,85,85,85,85,85,85
86,186,86,86,86,86,86,86,86,86,86
87,187,87,87,87,87,87,87,87,87,87
88,188,88,88,88,88,88,88,88,88,88
89,189,89,89,89,89,89,89,89,89,89
90,190,90,90,90,90,90,90,90,90,90
91,191,91,91,91,91,91,91,91,91,91
92,192,92,92,92,92,92,92,92,92,92
93,193,93,93,93,93,93,93,93,93,93
94,194,94,94,94,94,94,94,94,94,94
95,195,95,95,95,95,95,95,95,95,95
96,196,96,96,96,96,96,96,96,96,96
97,197,97,97,97,97,97,97,97,97,97
98,198,98,98,98,98,98,98,98,98,98
99,199,99,99,99,99,99,99,99,99,99
100,200,200,100,100,100,100,100,100,100,100
101,201,201,101,101,101,101,101,101,101,101
102,202,202,102,102,102,102,102,102,102,102
103,203,203,103,103,103,103,103,103,103,103
104,204,204,104,104,104,104,104,104,104,104
105,205,205,105,105,105,105,105,105,105,105
106,206,206,106,106,106,106,106,106,106,106
107,207,207,107,107,107,107,107,107,107,107
108,208,208,108,108,108,108,108,108,108,108
109,209,209,109,109,109,109,109,109,109,109
110,210,210,110,110,110,110,110,110,110,110
111,211,211,111,111,111,111,111,111,111,111
112,212,212,112,112,112,112,112,112,112,112
113,213,213,113,113,113,113,113,113,113,113
114,214,214,114,114,114,114,114,114,114,114
115,215,215,115,115,115,115,115,115,115,115
116,216,216,116,116,116,116,116,116,116,116
117,217,217,117,117,117,117,117,117,117,117
118,218,218,118,118,118,118,118,118,118,118
119,219,219,119,119,119,119,119,119,119,119
120,220,220,120,120,120,120,120,120,120,120
121,221,221,121,121,121,121,121,121,121,121
122,222,222,122,122,122,122,122,122,122,122
123,223,223,123,123,123,123,123,123,123,123
124,224,224,124,124,124,124,124,124,124,124
125,225,225,125,125,125,125,125,125,125,125
126,226,226,126,126,126,126,126,126,126,126
127,227,227,127,127,127,127,127,127,127,127
128,228,228,128,128,128,128,128,128,128,128
129,229,229,129,129,129,129,129,129,129,129
130,230,230,130,130,130,130,130,130,130,130
131,231,231,131,131,131,131,131,131,131,131
132,232,232,132,132,132,132,132,132,132,132
133,233,233,133,133,133,133,133,133,133,133
134,234,234,134,134,134,134,134,134,134,134
135,235,235,135,135,135,135,135,135,135,135
136,236,236,136,136,136,136,136,136,136,136
137,237,237,137,137,137,137,137,137,137,137
138,238,238,138,138,138,138,138,138,138,138
139,239,239,139,139,139,139,139,139,139,139
140,240,240,140,140,140,140,140,140,140,140
141,241,241,141,141,141,141,141,141,141,141
142,242,242,142,142,142,142,142,142,142,142
143,243,243,143,143,143,143,143,143,143,143
144,244,244,144,144,144,144,144,144,144,144
145,245,245,145,145,145,145,145,145,145,145
146,246,246,146,146,146,146,146,146,146,146
147,247,247,147,147,147,147,147,147,147,147
148,248,248,148,148,148,148,148,148,148,148
149,249,249,149,149,149,149,149,149,149,149
150,250,250,150,150,150,150,150,150,150,150
151,251,251,151,151,151,151,151,151,151,151
152,252,252,152,152,152,152,152,152,152,152
153,253,253,153,153,153,153,153,153,153,153
154,254,254,154,154,154,154,154,154,154,154
155,255,255,155,155,155,155,155,155,155,155
156,256,256,156,156,156,156,156,156,156,156
157,257,257,157,157,157,157,157,157,157,157
158,258,258,158,158,158,158,158,158,158,158
159,259,259,159,159,159,159,159,159,159,159
160,260,260,160,160,160,160,160,160,160,160
161,261,261,161,161,161,161,161,161,161,161
162,262,262,162,162,162,162,162,162,162,162
163,263,263,163,163,163,163,163,163,163,163
164,264,264,164,164,164,164,164,164,164,164
165,265,265,165,165,165,165,165,165,165,165
166,266,266,166,166,166,166,166,166,166,166
167,267,267,167,167,167,167,167,167,167,167
168,268,268,168,168,168,168,168,168,168,168
169,269,269,169,169,169,169,169,169,169,169
170,270,270,170,170,170,170,170,170,170,170
171,271,271,171,171,171,171,171,171,171,171
172,272,272,172,172,172,172,172,172,172,172
173,273,273,173,173,173,173,173,173,173,173
174,274,274,174,174,174,174,174,174,174,174
175,275,275,175,175,175,175,175,175,175,175
176,276,276,176,176,176,176,176,176,176,176
177,277,277,177,177,177,177,177,177,177,177
178,278,278,178,178,178,178,178,178,178,178
179,279,279,179,179,179,179,179,179,179,179
180,280,280,180,180,180,180,180,180,180,180
181,281,281,181,181,181,181,181,181,181,181
182,282,282,182,182,182,182,182,182,182,182
183,283,283,183,183,183,183,183,183,183,183
184,284,284,184,184,184,184,184,184,184,184
185,285,285,185,185,185,185,185,185,185,185
186,286,286,186,186,186,186,186,186,186,186
187,287,287,187,187,187,187,187,187,187,187
188,288,288,188,188,188,188,188,188,188,188
189,289,289,189,189,189,189,189,189,189,189
190,290,290,190,190,190,190,190,190,190,190
191,291,291,191,191,191,191,191,191,191,191
192,292,292,192,192,192,192,192,192,192,192
193,293,293,193,193,193,193,193,193,193,193
194,294,294,194,194,194,194,194,194,194,194
195,295,295,195,195,195,195,195,195,195,195
196,296,296,196,196,196,196,196,196,196,196
197,297,297,197,197,197,197,197,197,197,197
198,298,298,198,198,198,198,198,198,198,198
199,299,299,199,199,199,199,199,199,199,199
200,300,300,300,200,200,200,200,200,200,200
201,301,301,301,201,201,201,201,201,201,201
202,302,302,302,202,202,202,202,202,202,202
203,303,303,303,203,203,203,203,203,203,203
204,304,304,304,204,204,204,204,204,204,204
205,305,305,305,205,205,205,205,205,205,205
206,306,306,306,206,206,206,206,206,206,206
207,307,307,307,207,207,207,207,207,207,207
208,308,308,308,208,208,208,208,208,208,208
209,309,309,309,209,209,209,209,209,209,209
210,310,310,310,210,210,210,210,210,210,210
211,311,311,311,211,211,211,211,211,211,211
212,312,312,312,212,212,212,212,212,212,212
213,313,313,313,213,213,213,213,213,213,213
214,314,314,314,214,214,214,214,214,214,214
215,315,315,315,215,215,215,215,215,215,215
216,316,316,316,216,216,216,216,216,216,216
217,317,317,317,217,217,217,217,217,217,217
218,318,318,318,218,218,218,218,218,218,218
219,319,319,319,219,219,219,219,219,219,219
220,320,320,320,220,220,220,220,220,220,220
221,321,321,321,221,221,221,221,221,221,221
222,322,322,322,222,222,222,222,222,222,222
223,323,323,323,223,223,223,223,223,223,223
224,324,324,324,224,224,224,224,224,224,224
225,325,325,325,225,225,225,225,225,225,225
226,326,326,326,226,226,226,226,226,226,226
227,327,327,327,227,227,227,227,227,227,227
228,328,328,328,228,228,228,228,228,228,228
229,329,329,329,229,229,229,229,229,229,229
230,330,330,330,230,230,230,230,230,230,230
231,331,331,331,231,231,231,231,231,231,231
232,332,332,332,232,232,232,232,232,232,232
233,333,333,333,233,233,233,233,233,233,233
234,334,334,334,234,234,234,234,234,234,234
235,335,335,335,235,235,235,235,235,235,235
236,336,336,336,236,236,236,236,236,236,236
237,337,337,337,237,237,237,237,237,237,237
238,338,338,338,238,238,238,238,238,238,238
239,339,339,339,239,239,239,239,239,239,239
240,340,340,340,240,240,240,240,240,240,240
241,341,341,341,241,241,241,241,241,241,241
242,342,342,342,242,242,242,242,242,242,242
243,343,343,343,243,243,243,243,243,243,243
244,344,344,344,244,244,244,244,244,244,244
245,345,345,345,245,245,245,245,245,245,245
246,346,346,346,246,246,246,246,246,246,246
247,347,347,347,247,247,247,247,247,247,247
248,348,348,348,248,248,248,248,248,248,248
249,349,349,349,249,249,249,249,249,249,249
250,350,350,350,250,250,250,250,250,250,250
251,351,351,351,251,251,251,251,251,251,251
252,352,352,352,252,252,252,252,252,252,252
253,353,353,353,253,253,253,253,253,253,253
254,354,354,354,254,254,254,254,254,254,254
255,355,355,355,255,255,255,255,255,255,255
256,356,356,356,256,256,256,256,256,256,256
257,357,357,357,257,257,257,257,257,257,257
258,358,358,358,258,258,258,258,258,258,258
259,359,359,359,259,259,259,259,259,259,259
260,360,360,360,260,260,260,260,260,260,260
261,361,361,361,261,261,261,261,261,261,261
262,362,362,362,262,262,262,262,262,262,262
263,363,363,363,263,263,263,263,263,263,263
264,364,364,364,264,264,264,264,264,264,264
265,365,365,365,265,265,265,265,265,265,265
266,366,366,366,266,266,266,266,266,266,266
267,367,367,367,267,267,267,267,267,267,267
268,368,368,368,268,268,268,268,268,268,268
269,369,369,369,269,269,269,269,269,269,269
270,370,370,370,270,270,270,270,270,270,270
271,371,371,371,271,271,271,271,271,271,271
272,372,372,372,272,272,272,272,272,272,272
273,373,373,373,273,273,273,273,273,273,273
274,374,374,374,274,274,274,274,274,274,274
275,375,375,375,275,275,275,275,275,275,275
276,376,376,376,276,276,276,276,276,276,276
277,377,377,377,277,277,277,277,277,277,277
278,378,378,378,278,278,278,278,278,278,278
279,379,379,379,279,279,279,279,279,279,279
280,380,380,380,280,280,280,280,280,280,280
281,381,381,381,281,281,281,281,281,281,281
282,382,382,382,282,282,282,282,282,282,282
283,383,383,383,283,283,283,283,283,283,283
284,384,384,384,284,284,284,284,284,284,284
285,385,385,385,285,285,285,285,285,285,285
286,386,386,386,286,286,286,286,286,286,286
287,387,387,387,287,287,287,287,287,287,287
288,388,388,388,288,288,288,288,288,288,288
289,389,389,389,289,289,289,289,289,289,289
290,390,390,390,290,290,290,290,290,290,290
291,391,391,391,291,291,291,291,291,291,291
292,392,392,392,292,292,292,292,292,292,292
293,393,393,393,293,293,293,293,293,293,293
294,394,394,394,294,294,294,294,294,294,294
295,395,395,395,295,295,295,295,295,295,295
296,396,396,396,296,296,296,296,296,296,296
297,397,397,397,297,297,297,297,297,297,297
298,398,398,398,298,298,298,298,298,298,298
299,399,399,399,299,299,299,299,299,299,299
300,400,400,400,400,300,300,300,300,300,300
301,401,401,401,401,301,301,301,301,301,301
302,402,402,402,402,302,302,302,302,302,302
303,403,403,403,403,303,303,303,303,303,303
304,404,404,404,404,304,304,304,304,304,304
305,405,405,405,405,305,305,305,305,305,305
306,406,406,406,406,306,306,306,306,306,306
307,407,407,407,407,307,307,307,307,307,307
308,408,408,408,408,308,308,308,308,308,308
309,409,409,409,409,309,309,309,309,309,309
310,410,410,410,410,310,310,310,310,310,310
311,411,411,411,411,311,311,311,311,311,311
312,412,412,412,412,312,312,312,312,312,312
313,413,413,413,413,313,313,313,313,313,313
314,414,414,414,414,314,314,314,314,314,314
315,415,415,415,415,315,315,315,315,315,315
316,416,416,416,416,316,316,316,316,316,316
317,417,417,417,417,317,317,317,317,317,317
318,418,418,418,418,318,318,318,318,318,318
319,419,419,419,419,319,319,319,319,319,319
320,420,420,420,420,320,320,320,320,320,320
321,421,421,421,421,321,321,321,321,321,321
322,422,422,422,422,322,322,322,322,322,322
323,423,423,423,423,323,323,323,323,323,323
324,424,424,424,424,324,324,324,324,324,324
325,425,425,425,425,325,325,325,325,325,325
326,426,426,426,426,326,326,326,326,326,326
327,427,427,427,427,327,327,327,327,327,327
328,428,428,428,428,328,328,328,328,328,328
329,429,429,429,429,329,329,329,329,329,329
330,430,430,430,430,330,330,330,330,330,330
331,431,431,431,431,331,331,331,331,331,331
332,432,432,432,432,332,332,332,332,332,332
333,433,433,433,433,333,333,333,333,333,333
334,434,434,434,434,334,334,334,334,334,334
335,435,435,435,435,335,335,335,335,335,335
336,436,436,436,436,336,336,336,336,336,336
337,437,437,437,437,337,337,337,337,337,337
338,438,438,438,438,338,338,338,338,338,338
339,439,439,439,439,339,339,339,339,339,339
340,440,440,440,440,340,340,340,340,340,340
341,441,441,441,441,341,341,341,341,341,341
342,442,442,442,442,342,342,342,342,342,342
343,443,443,443,443,343,343,343,343,343,343
344,444,444,444,444,344,344,344,344,344,344
345,445,445,445,445,345,345,345,345,345,345
346,446,446,446,446,346,346,346,346,346,346
347,447,447,447,447,347,347,347,347,347,347
348,448,448,448,448,348,348,348,348,348,348
349,449,449,449,449,349,349,349,349,349,349
350,450,450,450,450,350,350,350,350,350,350
351,451,451,451,451,351,351,351,351,351,351
352,452,452,452,452,352,352,352,352,352,352
353,453,453,453,453,353,353,353,353,353,353
354,454,454,454,454,354,354,354,354,354,354
355,455,455,455,455,355,355,355,355,355,355
356,456,456,456,456,356,356,356,356,356,356
357,457,457,457,457,357,357,357,357,357,357
358,458,458,458,458,358,358,358,358,358,358
359,459,459,459,459,359,359,359,359,359,359
360,460,460,460,460,360,360,360,360,360,360
361,461,461,461,461,361,361,361,361,361,361
362,462,462,462,462,362,362,362,362,362,362
363,463,463,463,463,363,363,363,363,363,363
364,464,464,464,464,364,364,364,364,364,364
365,465,465,465,465,365,365,365,365,365,365
366,466,466,466,466,366,366,366,366,366,366
367,467,467,467,467,367,367,367,367,367,367
368,468,468,468,468,368,368,368,368,368,368
369,469,469,469,469,369,369,369,369,369,369
370,470,470,470,470,370,370,370,370,370,370
371,471,471,471,471,371,371,371,371,371,371
372,472,472,472,472,372,372,372,372,372,372
373,473,473,473,473,373,373,373,373,373,373
374,474,474,474,474,374,374,374,374,374,374
375,475,475,475,475,375,375,375,375,375,375
376,476,476,476,476,376,376,376,376,376,376
377,477,477,477,477,377,377,377,377,377,377
378,478,478,478,478,378,378,378,378,378,378
379,479,479,479,479,379,379,379,379,379,379
380,480,480,480,480,380,380,380,380,380,380
381,481,481,481,481,381,381,381,381,381,381
382,482,482,482,482,382,382,382,382,382,382
383,483,483,483,483,383,383,383,383,383,383
384,484,484,484,484,384,384,384,384,384,384
385,485,485,485,485,385,385,385,385,385,385
386,486,486,486,486,386,386,386,386,386,386
387,487,487,487,487,387,387,387,387,387,387
388,488,488,488,488,388,388,388,388,388,388
389,489,489,489,489,389,389,389,389,389,389
390,490,490,490,490,390,390,390,390,390,390
391,491,491,491,491,391,391,391,391,391,391
392,492,492,492,492,392,392,392,392,392,392
393,493,493,493,493,393,393,393,393,393,393
394,494,494,494,494,394,394,394,394,394,394
395,495,495,495,495,395,395,395,395,395,395
396,496,496,496,496,396,396,396,396,396,396
397,497,497,497,497,397,397,397,397,397,397
398,498,498,498,498,398,398,398,398,398,398
399,499,499,499,499,399,399,399,399,399,399
400,500,500,500,500,500,400,400,400,400,400
401,501,501,501,501,501,401,401,401,401,401
402,502,502,502,502,502,402,402,402,402,402
403,503,503,503,503,503,403,403,403,403,403
404,504,504,504,504,504,404,404,404,404,404
405,505,505,505,505,505,405,405,405,405,405
406,506,506,506,506,506,406,406,406,406,406
407,507,507,507,507,507,407,407,407,407,407
408,508,508,508,508,508,408,408,408,408,408
409,509,509,509,509,509,409,409,409,409,409
410,510,510,510,510,510,410,410,410,410,410
411,511,511,511,511,511,411,411,411,411,411
412,512,512,512,512,512,412,412,412,412,412
413,513,513,513,513,513,413,413,413,413,413
414,514,514,514,514,514,414,414,414,414,414
415,515,515,515,515,515,415,415,415,415,415
416,516,516,516,516,516,416,416,416,416,416
417,517,517,517,517,517,417,417,417,417,417
418,518,518,518,518,518,418,418,418,418,418
419,519,519,519,519,519,419,419,419,419,419
420,520,520,520,520,520,420,420,420,420,420
421,521,521,521,521,521,421,421,421,421,421
422,522,522,522,522,522,422,422,422,422,422
423,523,523,523,523,523,423,423,423,423,423
424,524,524,524,524,524,424,424,424,424,424
425,525,525,525,525,525,425,425,425,425,425
426,526,526,526,526,526,426,426,426,426,426
427,527,527,527,527,527,427,427,427,427,427
428,528,528,528,528,528,428,428,428,428,428
429,529,529,529,529,529,429,429,429,429,429
430,530,530,530,530,530,430,430,430,430,430
431,531,531,531,531,531,431,431,431,431,431
432,532,532,532,532,532,432,432,432,432,432
433,533,533,533,533,533,433,433,433,433,433
434,534,534,534,534,534,434,434,434,434,434
435,535,535,535,535,535,435,435,435,435,435
436,536,536,536,536,536,436,436,436,436,436
437,537,537,537,537,537,437,437,437,437,437
438,538,538,538,538,538,438,438,438,438,438
439,539,539,539,539,539,439,439,439,439,439
440,540,540,540,540,540,440,440,440,440,440
441,541,541,541,541,541,441,441,441,441,441
442,542,542,542,542,542,442,442,442,442,442
443,543,543,543,543,543,443,443,443,443,443
444,544,544,544,544,544,444,444,444,444,444
445,545,545,545,545,545,445,445,445,445,445
446,546,546,546,546,546,446,446,446,446,446
447,547,547,547,547,547,447,447,447,447,447
448,548,548,548,548,548,448,448,448,448,448
449,549,549,549,549,549,449,449,449,449,449
450,550,550,550,550,550,450,450,450,450,450
451,551,551,551,551,551,451,451,451,451,451
452,552,552,552,552,552,452,452,452,452,452
453,553,553,553,553,553,453,453,453,453,453
454,554,554,554,554,554,454,454,454,454,454
455,555,555,555,555,555,455,455,455,455,455
456,556,556,556,556,556,456,456,456,456,456
457,557,557,557,557,557,457,457,457,457,457
458,558,558,558,558,558,458,458,458,458,458
459,559,559,559,559,559,459,459,459,459,459
460,560,560,560,560,560,460,460,460,460,460
461,561,561,561,561,561,461,461,461,461,461
462,562,562,562,562,562,462,462,462,462,462
463,563,563,563,563,563,463,463,463,463,463
464,564,564,564,564,564,464,464,464,464,464
465,565,565,565,565,565,465,465,465,465,465
466,566,566,566,566,566,466,466,466,466,466
467,567,567,567,567,567,467,467,467,467,467
468,568,568,568,568,568,468,468,468,468,468
469,569,569,569,569,569,469,469,469,469,469
470,570,570,570,570,570,470,470,470,470,470
471,571,571,571,571,571,471,471,471,471,471
472,572,572,572,572,572,472,472,472,472,472
473,573,573,573,573,573,473,473,473,473,473
474,574,574,574,574,574,474,474,474,474,474
475,575,575,575,575,575,475,475,475,475,475
476,576,576,576,576,576,476,476,476,476,476
477,577,577,577,577,577,477,477,477,477,477
478,578,578,578,578,578,478,478,478,478,478
479,579,579,579,579,579,479,479,479,479,479
480,580,580,580,580,580,480,480,480,480,480
481,581,581,581,581,581,481,481,481,481,481
482,582,582,582,582,582,482,482,482,482,482
483,583,583,583,583,583,483,483,483,483,483
484,584,584,584,584,584,484,484,484,484,484
485,585,585,585,585,585,485,485,485,485,485
486,586,586,586,586,586,486,486,486,486,486
487,587,587,587,587,587,487,487,487,487,487
488,588,588,588,588,588,488,488,488,488,488
489,589,589,589,589,589,489,489,489,489,489
490,590,590,590,590,590,490,490,490,490,490
491,591,591,591,591,591,491,491,491,491,491
492,592,592,592,592,592,492,492,492,492,492
493,593,593,593,593,593,493,493,493,493,493
494,594,594,594,594,594,494,494,494,494,494
495,595,595,595,595,595,495,495,495,495,495
496,596,596,596,596,596,496,496,496,496,496
497,597,597,597,597,597,497,497,497,497,497
498,598,598,598,598,598,498,498,498,498,498
499,599,599,599,599,599,499,499,499,499,499
500,600,600,600,600,600,600,500,500,500,500
501,601,601,601,601,601,601,501,501,501,501
502,602,602,602,602,602,602,502,502,502,502
503,603,603,603,603,603,603,503,503,503,503
504,604,604,604,604,604,604,504,504,504,504
505,605,605,605,605,605,605,505,505,505,505
506,606,606,606,606,606,606,506,506,506,506
507,607,607,607,607,607,607,507,507,507,507
508,608,608,608,608,608,608,508,508,508,508
509,609,609,609,609,609,609,509,509,509,509
510,610,610,610,610,610,610,510,510,510,510
511,611,611,611,611,611,611,511,511,511,511
512,612,612,612,612,612,612,512,512,512,512
513,613,613,613,613,613,613,513,513,513,513
514,614,614,614,614,614,614,514,514,514,514
515,615,615,615,615,615,615,515,515,515,515
516,616,616,616,616,616,616,516,516,516,516
517,617,617,617,617,617,617,517,517,517,517
518,618,618,618,618,618,618,518,518,518,518
519,619,619,619,619,619,619,519,519,519,519
520,620,620,620,620,620,620,520,520,520,520
521,621,621,621,621,621,621,521,521,521,521
522,622,622,622,622,622,622,522,522,522,522
523,623,623,623,623,623,623,523,523,523,523
524,624,624,624,624,624,624,524,524,524,524
525,625,625,625,625,625,625,525,525,525,525
526,626,626,626,626,626,626,526,526,526,526
527,627,627,627,627,627,627,527,527,527,527
528,628,628,628,628,628,628,528,528,528,528
529,629,629,629,629,629,629,529,529,529,529
530,630,630,630,630,630,630,530,530,530,530
531,631,631,631,631,631,631,531,531,531,531
532,632,632,632,632,632,632,532,532,532,532
533,633,633,633,633,633,633,533,533,533,533
534,634,634,634,634,634,634,534,534,534,534
535,635,635,635,635,635,635,535,535,535,535
536,636,636,636,636,636,636,536,536,536,536
537,637,637,637,637,637,637,537,537,537,537
538,638,638,638,638,638,638,538,538,538,538
539,639,639,639,639,639,639,539,539,539,539
540,640,640,640,640,640,640,540,540,540,540
541,641,641,641,641,641,641,541,541,541,541
542,642,642,642,642,642,642,542,542,542,542
543,643,643,643,643,643,643,543,543,543,543
544,644,644,644,644,644,644,544,544,544,544
545,645,645,645,645,645,645,545,545,545,545
546,646,646,646,646,646,646,546,546,546,546
547,647,647,647,647,647,647,547,547,547,547
548,648,648,648,648,648,648,548,548,548,548
549,649,649,649,649,649,649,549,549,549,549
550,650,650,650,650,650,650,550,550,550,550
551,651,651,651,651,651,651,551,551,551,551
552,652,652,652,652,652,652,552,552,552,552
553,653,653,653,653,653,653,553,553,553,553
554,654,654,654,654,654,654,554,554,554,554
555,655,655,655,655,655,655,555,555,555,555
556,656,656,656,656,656,656,556,556,556,556
557,657,657,657,657,657,657,557,557,557,557
558,658,658,658,658,658,658,558,558,558,558
559,659,659,659,659,659,659,559,559,559,559
560,660,660,660,660,660,660,560,560,560,560
561,661,661,661,661,661,661,561,561,561,561
562,662,662,662,662,662,662,562,562,562,562
563,663,663,663,663,663,663,563,563,563,563
564,664,664,664,664,664,664,564,564,564,564
565,665,665,665,665,665,665,565,565,565,565
566,666,666,666,666,666,666,566,566,566,566
567,667,667,667,667,667,667,567,567,567,567
568,668,668,668,668,668,668,568,568,568,568
569,669,669,669,669,669,669,569,569,569,569
570,670,670,670,670,670,670,570,570,570,570
571,671,671,671,671,671,671,571,571,571,571
572,672,672,672,672,672,672,572,572,572,572
573,673,673,673,673,673,673,573,573,573,573
574,674,674,674,674,674,674,574,574,574,574
575,675,675,675,675,675,675,575,575,575,575
576,676,676,676,676,676,676,576,576,576,576
577,677,677,677,677,677,677,577,577,577,577
578,678,678,678,678,678,678,578,578,578,578
579,679,679,679,679,679,679,579,579,579,579
580,680,680,680,680,680,680,580,580,580,580
581,681,681,681,681,681,681,581,581,581,581
582,682,682,682,682,682,682,582,582,582,582
583,683,683,683,683,683,683,583,583,583,583
584,684,684,684,684,684,684,584,584,584,584
585,685,685,685,685,685,685,585,585,585,585
586,686,686,686,686,686,686,586,586,586,586
587,687,687,687,687,687,687,587,587,587,587
588,688,688,688,688,688,688,588,588,588,588
589,689,689,689,689,689,689,589,589,589,589
590,690,690,690,690,690,690,590,590,590,590
591,691,691,691,691,691,691,591,591,591,591
592,692,692,692,692,692,692,592,592,592,592
593,693,693,693,693,693,693,593,593,593,593
594,694,694,694,694,694,694,594,594,594,594
595,695,695,695,695,695,695,595,595,595,595
596,696,696,696,696,696,696,596,596,596,596
597,697,697,697,697,697,697,597,597,597,597
598,698,698,698,698,698,698,598,598,598,598
599,699,699,699,699,699,699,599,599,599,599
600,700,700,700,700,700,700,700,600,600,600
601,701,701,701,701,701,701,701,601,601,601
602,702,702,702,702,702,702,702,602,602,602
603,703,703,703,703,703,703,703,603,603,603
604,704,704,704,704,704,704,704,604,604,604
605,705,705,705,705,705,705,705,605,605,605
606,706,706,706,706,706,706,706,606,606,606
607,707,707,707,707,707,707,707,607,607,607
608,708,708,708,708,708,708,708,608,608,608
609,709,709,709,709,709,709,709,609,609,609
610,710,710,710,710,710,710,710,610,610,610
611,711,711,711,711,711,711,711,611,611,611
612,712,712,712,712,712,712,712,612,612,612
613,713,713,713,713,713,713,713,613,613,613
614,714,714,714,714,714,714,714,614,614,614
615,715,715,715,715,715,715,715,615,615,615
616,716,716,716,716,716,716,716,616,616,616
617,717,717,717,717,717,717,717,617,617,617
618,718,718,718,718,718,718,718,618,618,618
619,719,719,719,719,719,719,719,619,619,619
620,720,720,720,720,720,720,720,620,620,620
621,721,721,721,721,721,721,721,621,621,621
622,722,722,722,722,722,722,722,622,622,622
623,723,723,723,723,723,723,723,623,623,623
624,724,724,724,724,724,724,724,624,624,624
625,725,725,725,725,725,725,725,625,625,625
626,726,726,726,726,726,726,726,626,626,626
627,727,727,727,727,727,727,727,627,627,627
628,728,728,728,728,728,728,728,628,628,628
629,729,729,729,729,729,729,729,629,629,629
630,730,730,730,730,730,730,730,630,630,630
631,731,731,731,731,731,731,731,631,631,631
632,732,732,732,732,732,732,732,632,632,632
633,733,733,733,733,733,733,733,633,633,633
634,734,734,734,734,734,734,734,634,634,634
635,735,735,735,735,735,735,735,635,635,635
636,736,736,736,736,736,736,736,636,636,636
637,737,737,737,737,737,737,737,637,637,637
638,738,738,738,738,738,738,738,638,638,638
639,739,739,739,739,739,739,739,639,639,639
640,740,740,740,740,740,740,740,640,640,640
641,741,741,741,741,741,741,741,641,641,641
642,742,742,742,742,742,742,742,642,642,642
643,743,743,743,743,743,743,743,643,643,643
644,744,744,744,744,744,744,744,644,644,644
645,745,745,745,745,745,745,745,645,645,645
646,746,746,746,746,746,746,746,646,646,646
647,747,747,747,747,747,747,747,647,647,647
648,748,748,748,748,748,748,748,648,648,648
649,749,749,749,749,749,749,749,649,649,649
650,750,750,750,750,750,750,750,650,650,650
651,751,751,751,751,751,751,751,651,651,651
652,752,752,752,752,752,752,752,652,652,652
653,753,753,753,753,753,753,753,653,653,653
654,754,754,754,754,754,754,754,654,654,654
655,755,755,755,755,755,755,755,655,655,655
656,756,756,756,756,756,756,756,656,656,656
657,757,757,757,757,757,757,757,657,657,657
658,758,758,758,758,758,758,758,658,658,658
659,759,759,759,759,759,759,759,659,659,659
660,760,760,760,760,760,760,760,660,660,660
661,761,761,761,761,761,761,761,661,661,661
662,762,762,762,762,762,762,762,662,662,662
663,763,763,763,763,763,763,763,663,663,663
664,764,764,764,764,764,764,764,664,664,664
665,765,765,765,765,765,765,765,665,665,665
666,766,766,766,766,766,766,766,666,666,666
667,767,767,767,767,767,767,767,667,667,667
668,768,768,768,768,768,768,768,668,668,668
669,769,769,769,769,769,769,769,669,669,669
670,770,770,770,770,770,770,770,670,670,670
671,771,771,771,771,771,771,771,671,671,671
672,772,772,772,772,772,772,772,672,672,672
673,773,773,773,773,773,773,773,673,673,673
674,774,774,774,774,774,774,774,674,674,674
675,775,775,775,775,775,775,775,675,675,675
676,776,776,776,776,776,776,776,676,676,676
677,777,777,777,777,777,777,777,677,677,677
678,778,778,778,778,778,778,778,678,678,678
679,779,779,779,779,779,779,779,679,679,679
680,780,780,780,780,780,780,780,680,680,680
681,781,781,781,781,781,781,781,681,681,681
682,782,782,782,782,782,782,782,682,682,682
683,783,783,783,783,783,783,783,683,683,683
684,784,784,784,784,784,784,784,684,684,684
685,785,785,785,785,785,785,785,685,685,685
686,786,786,786,786,786,786,786,686,686,686
687,787,787,787,787,787,787,787,687,687,687
688,788,788,788,788,788,788,788,688,688,688
689,789,789,789,789,789,789,789,689,689,689
690,790,790,790,790,790,790,790,690,690,690
691,791,791,791,791,791,791,791,691,691,691
692,792,792,792,792,792,792,792,692,692,692
693,793,793,793,793,793,793,793,693,693,693
694,794,794,794,794,794,794,794,694,694,694
695,795,795,795,795,795,795,795,695,695,695
696,796,796,796,796,796,796,796,696,696,696
697,797,797,797,797,797,797,797,697,697,697
698,798,798,798,798,798,798,798,698,698,698
699,799,799,799,799,799,799,799,699,699,699
700,800,800,800,800,800,800,800,800,700,700
701,801,801,801,801,801,801,801,801,701,701
702,802,802,802,802,802,802,802,802,702,702
703,803,803,803,803,803,803,803,803,703,703
704,804,804,804,804,804,804,804,804,704,704
705,805,805,805,805,805,805,805,805,705,705
706,806,806,806,806,806,806,806,806,706,706
707,807,807,807,807,807,807,807,807,707,707
708,808,808,808,808,808,808,808,808,708,708
709,809,809,809,809,809,809,809,809,709,709
710,810,810,810,810,810,810,810,810,710,710
711,811,811,811,811,811,811,811,811,711,711
712,812,812,812,812,812,812,812,812,712,712
713,813,813,813,813,813,813,813,813,713,713
714,814,814,814,814,814,814,814,814,714,714
715,815,815,815,815,815,815,815,815,715,715
716,816,816,816,816,816,816,816,816,716,716
717,817,817,817,817,817,817,817,817,717,717
718,818,818,818,818,818,818,818,818,718,718
719,819,819,819,819,819,819,819,819,719,719
720,820,820,820,820,820,820,820,820,720,720
721,821,821,821,821,821,821,821,821,721,721
722,822,822,822,822,822,822,822,822,722,722
723,823,823,823,823,823,823,823,823,723,723
724,824,824,824,824,824,824,824,824,724,724
725,825,825,825,825,825,825,825,825,725,725
726,826,826,826,826,826,826,826,826,726,726
727,827,827,827,827,827,827,827,827,727,727
728,828,828,828,828,828,828,828,828,728,728
729,829,829,829,829,829,829,829,829,729,729
730,830,830,830,830,830,830,830,830,730,730
731,831,831,831,831,831,831,831,831,731,731
732,832,832,832,832,832,832,832,832,732,732
733,833,833,833,833,833,833,833,833,733,733
734,834,834,834,834,834,834,834,834,734,734
735,835,835,835,835,835,835,835,835,735,735
736,836,836,836,836,836,836,836,836,736,736
737,837,837,837,837,837,837,837,837,737,737
738,838,838,838,838,838,838,838,838,738,738
739,839,839,839,839,839,839,839,839,739,739
740,840,840,840,840,840,840,840,840,740,740
741,841,841,841,841,841,841,841,841,741,741
742,842,842,842,842,842,842,842,842,742,742
743,843,843,843,843,843,843,843,843,743,743
744,844,844,844,844,844,844,844,844,744,744
745,845,845,845,845,845,845,845,845,745,745
746,846,846,846,846,846,846,846,846,746,746
747,847,847,847,847,847,847,847,847,747,747
748,848,848,848,848,848,848,848,848,748,748
749,849,849,849,849,849,849,849,849,749,749
750,850,850,850,850,850,850,850,850,750,750
751,851,851,851,851,851,851,851,851,751,751
752,852,852,852,852,852,852,852,852,752,752
753,853,853,853,853,853,853,853,853,753,753
754,854,854,854,854,854,854,854,854,754,754
755,855,855,855,855,855,855,855,855,755,755
756,856,856,856,856,856,856,856,856,756,756
757,857,857,857,857,857,857,857,857,757,757
758,858,858,858,858,858,858,858,858,758,758
759,859,859,859,859,859,859,859,859,759,759
760,860,860,860,860,860,860,860,860,760,760
761,861,861,861,861,861,861,861,861,761,761
762,862,862,862,862,862,862,862,862,762,762
763,863,863,863,863,863,863,863,863,763,763
764,864,864,864,864,864,864,864,864,764,764
765,865,865,865,865,865,865,865,865,765,765
766,866,866,866,866,866,866,866,866,766,766
767,867,867,867,867,867,867,867,867,767,767
768,868,868,868,868,868,868,868,868,768,768
769,869,869,869,869,869,869,869,869,769,769
770,870,870,870,870,870,870,870,870,770,770
771,871,871,871,871,871,871,871,871,771,771
772,872,872,872,872,872,872,872,872,772,772
773,873,873,873,873,873,873,873,873,773,773
774,874,874,874,874,874,874,874,874,774,774
775,875,875,875,875,875,875,875,875,775,775
776,876,876,876,876,876,876,876,876,776,776
777,877,877,877,877,877,877,877,877,777,777
778,878,878,878,878,878,878,878,878,778,778
779,879,879,879,879,879,879,879,879,779,779
780,880,880,880,880,880,880,880,880,780,780
781,881,881,881,881,881,881,881,881,781,781
782,882,882,882,882,882,882,882,882,782,782
783,883,883,883,883,883,883,883,883,783,783
784,884,884,884,884,884,884,884,884,784,784
785,885,885,885,885,885,885,885,885,785,785
786,886,886,886,886,886,886,886,886,786,786
787,887,887,887,887,887,887,887,887,787,787
788,888,888,888,888,888,888,888,888,788,788
789,889,889,889,889,889,889,889,889,789,789
790,890,890,890,890,890,890,890,890,790,790
791,891,891,891,891,891,891,891,891,791,791
792,892,892,892,892,892,892,892,892,792,792
793,893,893,893,893,893,893,893,893,793,793
794,894,894,894,894,894,894,894,894,794,794
795,895,895,895,895,895,895,895,895,795,795
796,896,896,896,896,896,896,896,896,796,796
797,897,897,897,897,897,897,897,897,797,797
798,898,898,898,898,898,898,898,898,798,798
799,899,899,899,899,899,899,899,899,799,799
800,900,900,900,900,900,900,900,900,900,800
801,901,901,901,901,901,901,901,901,901,801
802,902,902,902,902,902,902,902,902,902,802
803,903,903,903,903,903,903,903,903,903,803
804,904,904,904,904,904,904,904,904,904,804
805,905,905,905,905,905,905,905,905,905,805
806,906,906,906,906,906,906,906,906,906,806
807,907,907,907,907,907,907,907,907,907,807
808,908,908,908,908,908,908,908,908,908,808
809,909,909,909,909,909,909,909,909,909,809
810,910,910,910,910,910,910,910,910,910,810
811,911,911,911,911,911,911,911,911,911,811
812,912,912,912,912,912,912,912,912,912,812
813,913,913,913,913,913,913,913,913,913,813
814,914,914,914,914,914,914,914,914,914,814
815,915,915,915,915,915,915,915,915,915,815
816,916,916,916,916,916,916,916,916,916,816
817,917,917,917,917,917,917,917,917,917,817
818,918,918,918,918,918,918,918,918,918,818
819,919,919,919,919,919,919,919,919,919,819
820,920,920,920,920,920,920,920,920,920,820
821,921,921,921,921,921,921,921,921,921,821
822,922,922,922,922,922,922,922,922,922,822
823,923,923,923,923,923,923,923,923,923,823
824,924,924,924,924,924,924,924,924,924,824
825,925,925,925,925,925,925,925,925,925,825
826,926,926,926,926,926,926,926,926,926,826
827,927,927,927,927,927,927,927,927,927,827
828,928,928,928,928,928,928,928,928,928,828
829,929,929,929,929,929,929,929,929,929,829
830,930,930,930,930,930,930,930,930,930,830
831,931,931,931,931,931,931,931,931,931,831
832,932,932,932,932,932,932,932,932,932,832
833,933,933,933,933,933,933,933,933,933,833
834,934,934,934,934,934,934,934,934,934,834
835,935,935,935,935,935,935,935,935,935,835
836,936,936,936,936,936,936,936,936,936,836
837,937,937,937,937,937,937,937,937,937,837
838,938,938,938,938,938,938,938,938,938,838
839,939,939,939,939,939,939,939,939,939,839
840,940,940,940,940,940,940,940,940,940,840
841,941,941,941,941,941,941,941,941,941,841
842,942,942,942,942,942,942,942,942,942,842
843,943,943,943,943,943,943,943,943,943,843
844,944,944,944,944,944,944,944,944,944,844
845,945,945,945,945,945,945,945,945,945,845
846,946,946,946,946,946,946,946,946,946,846
847,947,947,947,947,947,947,947,947,947,847
848,948,948,948,948,948,948,948,948,948,848
849,949,949,949,949,949,949,949,949,949,849
850,950,950,950,950,950,950,950,950,950,850
851,951,951,951,951,951,951,951,951,951,851
852,952,952,952,952,952,952,952,952,952,852
853,953,953,953,953,953,953,953,953,953,853
854,954,954,954,954,954,954,954,954,954,854
855,955,955,955,955,955,955,955,955,955,855
856,956,956,956,956,956,956,956,956,956,856
857,957,957,957,957,957,957,957,957,957,857
858,958,958,958,958,958,958,958,958,958,858
859,959,959,959,959,959,959,959,959,959,859
860,960,960,960,960,960,960,960,960,960,860
861,961,961,961,961,961,961,961,961,961,861
862,962,962,962,962,962,962,962,962,962,862
863,963,963,963,963,963,963,963,963,963,863
864,964,964,964,964,964,964,964,964,964,864
865,965,965,965,965,965,965,965,965,965,865
866,966,966,966,966,966,966,966,966,966,866
867,967,967,967,967,967,967,967,967,967,867
868,968,968,968,968,968,968,968,968,968,868
869,969,969,969,969,969,969,969,969,969,869
870,970,970,970,970,970,970,970,970,970,870
871,971,971,971,971,971,971,971,971,971,871
872,972,972,972,972,972,972,972,972,972,872
873,973,973,973,973,973,973,973,973,973,873
874,974,974,974,974,974,974,974,974,974,874
875,975,975,975,975,975,975,975,975,975,875
876,976,976,976,976,976,976,976,976,976,876
877,977,977,977,977,977,977,977,977,977,877
878,978,978,978,978,978,978,978,978,978,878
879,979,979,979,979,979,979,979,979,979,879
880,980,980,980,980,980,980,980,980,980,880
881,981,981,981,981,981,981,981,981,981,881
882,982,982,982,982,982,982,982,982,982,882
883,983,983,983,983,983,983,983,983,983,883
884,984,984,984,984,984,984,984,984,984,884
885,985,985,985,985,985,985,985,985,985,885
886,986,986,986,986,986,986,986,986,986,886
887,987,987,987,987,987,987,987,987,987,887
888,988,988,988,988,988,988,988,988,988,888
889,989,989,989,989,989,989,989,989,989,889
890,990,990,990,990,990,990,990,990,990,890
891,991,991,991,991,991,991,991,991,991,891
892,992,992,992,992,992,992,992,992,992,892
893,993,993,993,993,993,993,993,993,993,893
894,994,994,994,994,994,994,994,994,994,894
895,995,995,995,995,995,995,995,995,995,895
896,996,996,996,996,996,996,996,996,996,896
897,997,997,997,997,997,997,997,997,997,897
898,998,998,998,998,998,998,998,998,998,898
899,999,999,999,999,999,999,999,999,999,899
900,1100,1000,1000,1000,1000,1000,1000,1000,1000,1000
901,1101,1001,1001,1001,1001,1001,1001,1001,1001,1001
902,1102,1002,1002,1002,1002,1002,1002,1002,1002,1002
903,1103,1003,1003,1003,1003,1003,1003,1003,1003,1003
904,1104,1004,1004,1004,1004,1004,1004,1004,1004,1004
905,1105,1005,1005,1005,1005,1005,1005,1005,1005,1005
906,1106,1006,1006,1006,1006,1006,1006,1006,1006,1006
907,1107,1007,1007,1007,1007,1007,1007,1007,1007,1007
908,1108,1008,1008,1008,1008,1008,1008,1008,1008,1008
909,1109,1009,1009,1009,1009,1009,1009,1009,1009,1009
910,1110,1010,1010,1010,1010,1010,1010,1010,1010,1010
911,1111,1011,1011,1011,1011,1011,1011,1011,1011,1011
912,1112,1012,1012,1012,1012,1012,1012,1012,1012,1012
913,1113,1013,1013,1013,1013,1013,1013,1013,1013,1013
914,1114,1014,1014,1014,1014,1014,1014,1014,1014,1014
915,1115,1015,1015,1015,1015,1015,1015,1015,1015,1015
916,1116,1016,1016,1016,1016,1016,1016,1016,1016,1016
917,1117,1017,1017,1017,1017,1017,1017,1017,1017,1017
918,1118,1018,1018,1018,1018,1018,1018,1018,1018,1018
919,1119,1019,1019,1019,1019,1019,1019,1019,1019,1019
920,1120,1020,1020,1020,1020,1020,1020,1020,1020,1020
921,1121,1021,1021,1021,1021,1021,1021,1021,1021,1021
922,1122,1022,1022,1022,1022,1022,1022,1022,1022,1022
923,1123,1023,1023,1023,1023,1023,1023,1023,1023,1023
924,1124,1024,1024,1024,1024,1024,1024,1024,1024,1024
925,1125,1025,1025,1025,1025,1025,1025,1025,1025,1025
926,1126,1026,1026,1026,1026,1026,1026,1026,1026,1026
927,1127,1027,1027,1027,1027,1027,1027,1027,1027,1027
928,1128,1028,1028,1028,1028,1028,1028,1028,1028,1028
929,1129,1029,1029,1029,1029,1029,1029,1029,1029,1029
930,1130,1030,1030,1030,1030,1030,1030,1030,1030,1030
931,1131,1031,1031,1031,1031,1031,1031,1031,1031,1031
932,1132,1032,1032,1032,1032,1032,1032,1032,1032,1032
933,1133,1033,1033,1033,1033,1033,1033,1033,1033,1033
934,1134,1034,1034,1034,1034,1034,1034,1034,1034,1034
935,1135,1035,1035,1035,1035,1035,1035,1035,1035,1035
936,1136,1036,1036,1036,1036,1036,1036,1036,1036,1036
937,1137,1037,1037,1037,1037,1037,1037,1037,1037,1037
938,1138,1038,1038,1038,1038,1038,1038,1038,1038,1038
939,1139,1039,1039,1039,1039,1039,1039,1039,1039,1039
940,1140,1040,1040,1040,1040,1040,1040,1040,1040,1040
941,1141,1041,1041,1041,1041,1041,1041,1041,1041,1041
942,1142,1042,1042,1042,1042,1042,1042,1042,1042,1042
943,1143,1043,1043,1043,1043,1043,1043,1043,1043,1043
944,1144,1044,1044,1044,1044,1044,1044,1044,1044,1044
945,1145,1045,1045,1045,1045,1045,1045,1045,1045,1045
946,1146,1046,1046,1046,1046,1046,1046,1046,1046,1046
947,1147,1047,1047,1047,1047,1047,1047,1047,1047,1047
948,1148,1048,1048,1048,1048,1048,1048,1048,1048,1048
949,1149,1049,1049,1049,1049,1049,1049,1049,1049,1049
950,1150,1050,1050,1050,1050,1050,1050,1050,1050,1050
951,1151,1051,1051,1051,1051,1051,1051,1051,1051,1051
952,1152,1052,1052,1052,1052,1052,1052,1052,1052,1052
953,1153,1053,1053,1053,1053,1053,1053,1053,1053,1053
954,1154,1054,1054,1054,1054,1054,1054,1054,1054,1054
955,1155,1055,1055,1055,1055,1055,1055,1055,1055,1055
956,1156,1056,1056,1056,1056,1056,1056,1056,1056,1056
957,1157,1057,1057,1057,1057,1057,1057,1057,1057,1057
958,1158,1058,1058,1058,1058,1058,1058,1058,1058,1058
959,1159,1059,1059,1059,1059,1059,1059,1059,1059,1059
960,1160,1060,1060,1060,1060,1060,1060,1060,1060,1060
961,1161,1061,1061,1061,1061,1061,1061,1061,1061,1061
962,1162,1062,1062,1062,1062,1062,1062,1062,1062,1062
963,1163,1063,1063,1063,1063,1063,1063,1063,1063,1063
964,1164,1064,1064,1064,1064,1064,1064,1064,1064,1064
965,1165,1065,1065,1065,1065,1065,1065,1065,1065,1065
966,1166,1066,1066,1066,1066,1066,1066,1066,1066,1066
967,1167,1067,1067,1067,1067,1067,1067,1067,1067,1067
968,1168,1068,1068,1068,1068,1068,1068,1068,1068,1068
969,1169,1069,1069,1069,1069,1069,1069,1069,1069,1069
970,1170,1070,1070,1070,1070,1070,1070,1070,1070,1070
971,1171,1071,1071,1071,1071,1071,1071,1071,1071,1071
972,1172,1072,1072,1072,1072,1072,1072,1072,1072,1072
973,1173,1073,1073,1073,1073,1073,1073,1073,1073,1073
974,1174,1074,1074,1074,1074,1074,1074,1074,1074,1074
975,1175,1075,1075,1075,1075,1075,1075,1075,1075,1075
976,1176,1076,1076,1076,1076,1076,1076,1076,1076,1076
977,1177,1077,1077,1077,1077,1077,1077,1077,1077,1077
978,1178,1078,1078,1078,1078,1078,1078,1078,1078,1078
979,1179,1079,1079,1079,1079,1079,1079,1079,1079,1079
980,1180,1080,1080,1080,1080,1080,1080,1080,1080,1080
981,1181,1081,1081,1081,1081,1081,1081,1081,1081,1081
982,1182,1082,1082,1082,1082,1082,1082,1082,1082,1082
983,1183,1083,1083,1083,1083,1083,1083,1083,1083,1083
984,1184,1084,1084,1084,1084,1084,1084,1084,1084,1084
985,1185,1085,1085,1085,1085,1085,1085,1085,1085,1085
986,1186,1086,1086,1086,1086,1086,1086,1086,1086,1086
987,1187,1087,1087,1087,1087,1087,1087,1087,1087,1087
988,1188,1088,1088,1088,1088,1088,1088,1088,1088,1088
989,1189,1089,1089,1089,1089,1089,1089,1089,1089,1089
990,1190,1090,1090,1090,1090,1090,1090,1090,1090,1090
991,1191,1091,1091,1091,1091,1091,1091,1091,1091,1091
992,1192,1092,1092,1092,1092,1092,1092,1092,1092,1092
993,1193,1093,1093,1093,1093,1093,1093,1093,1093,1093
994,1194,1094,1094,1094,1094,1094,1094,1094,1094,1094
995,1195,1095,1095,1095,1095,1095,1095,1095,1095,1095
996,1196,1096,1096,1096,1096,1096,1096,1096,1096,1096
997,1197,1097,1097,1097,1097,1097,1097,1097,1097,1097
998,1198,1098,1098,1098,1098,1098,1098,1098,1098,1098
999,1199,1099,1099,1099,1099,1099,1099,1099,1099,1099
1000,1200,1200,1100,1100,1100,1100,1100,1100,1100,1100
1001,1201,1201,1101,1101,1101,1101,1101,1101,1101,1101
1002,1202,1202,1102,1102,1102,1102,1102,1102,1102,1102
1003,1203,1203,1103,1103,1103,1103,1103,1103,1103,1103
1004,1204,1204,1104,1104,1104,1104,1104,1104,1104,1104
1005,1205,1205,1105,1105,1105,1105,1105,1105,1105,1105
1006,1206,1206,1106,1106,1106,1106,1106,1106,1106,1106
1007,1207,1207,1107,1107,1107,1107,1107,1107,1107,1107
1008,1208,1208,1108,1108,1108,1108,1108,1108,1108,1108
1009,1209,1209,1109,1109,1109,1109,1109,1109,1109,1109
1010,1210,1210,1110,1110,1110,1110,1110,1110,1110,1110
1011,1211,1211,1111,1111,1111,1111,1111,1111,1111,1111
1012,1212,1212,1112,1112,1112,1112,1112,1112,1112,1112
1013,1213,1213,1113,1113,1113,1113,1113,1113,1113,1113
1014,1214,1214,1114,1114,1114,1114,1114,1114,1114,1114
1015,1215,1215,1115,1115,1115,1115,1115,1115,1115,1115
1016,1216,1216,1116,1116,1116,1116,1116,1116,1116,1116
1017,1217,1217,1117,1117,1117,1117,1117,1117,1117,1117
1018,1218,1218,1118,1118,1118,1118,1118,1118,1118,1118
1019,1219,1219,1119,1119,1119,1119,1119,1119,1119,1119
1020,1220,1220,1120,1120,1120,1120,1120,1120,1120,1120
1021,1221,1221,1121,1121,1121,1121,1121,1121,1121,1121
1022,1222,1222,1122,1122,1122,1122,1122,1122,1122,1122
1023,1223,1223,1123,1123,1123,1123,1123,1123,1123,1123
1024,1224,1224,1124,1124,1124,1124,1124,1124,1124,1124
1025,1225,1225,1125,1125,1125,1125,1125,1125,1125,1125
1026,1226,1226,1126,1126,1126,1126,1126,1126,1126,1126
1027,1227,1227,1127,1127,1127,1127,1127,1127,1127,1127
1028,1228,1228,1128,1128,1128,1128,1128,1128,1128,1128
1029,1229,1229,1129,1129,1129,1129,1129,1129,1129,1129
1030,1230,1230,1130,1130,1130,1130,1130,1130,1130,1130
1031,1231,1231,1131,1131,1131,1131,1131,1131,1131,1131
1032,1232,1232,1132,1132,1132,1132,1132,1132,1132,1132
1033,1233,1233,1133,1133,1133,1133,1133,1133,1133,1133
1034,1234,1234,1134,1134,1134,1134,1134,1134,1134,1134
1035,1235,1235,1135,1135,1135,1135,1135,1135,1135,1135
1036,1236,1236,1136,1136,1136,1136,1136,1136,1136,1136
1037,1237,1237,1137,1137,1137,1137,1137,1137,1137,1137
1038,1238,1238,1138,1138,1138,1138,1138,1138,1138,1138
1039,1239,1239,1139,1139,1139,1139,1139,1139,1139,1139
1040,1240,1240,1140,1140,1140,1140,1140,1140,1140,1140
1041,1241,1241,1141,1141,1141,1141,1141,1141,1141,1141
1042,1242,1242,1142,1142,1142,1142,1142,1142,1142,1142
1043,1243,1243,1143,1143,1143,1143,1143,1143,1143,1143
1044,1244,1244,1144,1144,1144,1144,1144,1144,1144,1144
1045,1245,1245,1145,1145,1145,1145,1145,1145,1145,1145
1046,1246,1246,1146,1146,1146,1146,1146,1146,1146,1146
1047,1247,1247,1147,1147,1147,1147,1147,1147,1147,1147
1048,1248,1248,1148,1148,1148,1148,1148,1148,1148,1148
1049,1249,1249,1149,1149,1149,1149,1149,1149,1149,1149
1050,1250,1250,1150,1150,1150,1150,1150,1150,1150,1150
1051,1251,1251,1151,1151,1151,1151,1151,1151,1151,1151
1052,1252,1252,1152,1152,1152,1152,1152,1152,1152,1152
1053,1253,1253,1153,1153,1153,1153,1153,1153,1153,1153
1054,1254,1254,1154,1154,1154,1154,1154,1154,1154,1154
1055,1255,1255,1155,1155,1155,1155,1155,1155,1155,1155
1056,1256,1256,1156,1156,1156,1156,1156,1156,1156,1156
1057,1257,1257,1157,1157,1157,1157,1157,1157,1157,1157
1058,1258,1258,1158,1158,1158,1158,1158,1158,1158,1158
1059,1259,1259,1159,1159,1159,1159,1159,1159,1159,1159
1060,1260,1260,1160,1160,1160,1160,1160,1160,1160,1160
1061,1261,1261,1161,1161,1161,1161,1161,1161,1161,1161
1062,1262,1262,1162,1162,1162,1162,1162,1162,1162,1162
1063,1263,1263,1163,1163,1163,1163,1163,1163,1163,1163
1064,1264,1264,1164,1164,1164,1164,1164,1164,1164,1164
1065,1265,1265,1165,1165,1165,1165,1165,1165,1165,1165
1066,1266,1266,1166,1166,1166,1166,1166,1166,1166,1166
1067,1267,1267,1167,1167,1167,1167,1167,1167,1167,1167
1068,1268,1268,1168,1168,1168,1168,1168,1168,1168,1168
1069,1269,1269,1169,1169,1169,1169,1169,1169,1169,1169
1070,1270,1270,1170,1170,1170,1170,1170,1170,1170,1170
1071,1271,1271,1171,1171,1171,1171,1171,1171,1171,1171
1072,1272,1272,1172,1172,1172,1172,1172,1172,1172,1172
1073,1273,1273,1173,1173,1173,1173,1173,1173,1173,1173
1074,1274,1274,1174,1174,1174,1174,1174,1174,1174,1174
1075,1275,1275,1175,1175,1175,1175,1175,1175,1175,1175
1076,1276,1276,1176,1176,1176,1176,1176,1176,1176,1176
1077,1277,1277,1177,1177,1177,1177,1177,1177,1177,1177
1078,1278,1278,1178,1178,1178,1178,1178,1178,1178,1178
1079,1279,1279,1179,1179,1179,1179,1179,1179,1179,1179
1080,1280,1280,1180,1180,1180,1180,1180,1180,1180,1180
1081,1281,1281,1181,1181,1181,1181,1181,1181,1181,1181
1082,1282,1282,1182,1182,1182,1182,1182,1182,1182,1182
1083,1283,1283,1183,1183,1183,1183,1183,1183,1183,1183
1084,1284,1284,1184,1184,1184,1184,1184,1184,1184,1184
1085,1285,1285,1185,1185,1185,1185,1185,1185,1185,1185
1086,1286,1286,1186,1186,1186,1186,1186,1186,1186,1186
1087,1287,1287,1187,1187,1187,1187,1187,1187,1187,1187
1088,1288,1288,1188,1188,1188,1188,1188,1188,1188,1188
1089,1289,1289,1189,1189,1189,1189,1189,1189,1189,1189
1090,1290,1290,1190,1190,1190,1190,1190,1190,1190,1190
1091,1291,1291,1191,1191,1191,1191,1191,1191,1191,1191
1092,1292,1292,1192,1192,1192,1192,1192,1192,1192,1192
1093,1293,1293,1193,1193,1193,1193,1193,1193,1193,1193
1094,1294,1294,1194,1194,1194,1194,1194,1194,1194,1194
1095,1295,1295,1195,1195,1195,1195,1195,1195,1195,1195
1096,1296,1296,1196,1196,1196,1196,1196,1196,1196,1196
1097,1297,1297,1197,1197,1197,1197,1197,1197,1197,1197
1098,1298,1298,1198,1198,1198,1198,1198,1198,1198,1198
1099,1299,1299,1199,1199,1199,1199,1199,1199,1199,1199
1100,1300,1300,1300,1200,1200,1200,1200,1200,1200,1200
1101,1301,1301,1301,1201,1201,1201,1201,1201,1201,1201
1102,1302,1302,1302,1202,1202,1202,1202,1202,1202,1202
1103,1303,1303,1303,1203,1203,1203,1203,1203,1203,1203
1104,1304,1304,1304,1204,1204,1204,1204,1204,1204,1204
1105,1305,1305,1305,1205,1205,1205,1205,1205,1205,1205
1106,1306,1306,1306,1206,1206,1206,1206,1206,1206,1206
1107,1307,1307,1307,1207,1207,1207,1207,1207,1207,1207
1108,1308,1308,1308,1208,1208,1208,1208,1208,1208,1208
1109,1309,1309,1309,1209,1209,1209,1209,1209,1209,1209
1110,1310,1310,1310,1210,1210,1210,1210,1210,1210,1210
1111,1311,1311,1311,1211,1211,1211,1211,1211,1211,1211
1112,1312,1312,1312,1212,1212,1212,1212,1212,1212,1212
1113,1313,1313,1313,1213,1213,1213,1213,1213,1213,1213
1114,1314,1314,1314,1214,1214,1214,1214,1214,1214,1214
1115,1315,1315,1315,1215,1215,1215,1215,1215,1215,1215
1116,1316,1316,1316,1216,1216,1216,1216,1216,1216,1216
1117,1317,1317,1317,1217,1217,1217,1217,1217,1217,1217
1118,1318,1318,1318,1218,1218,1218,1218,1218,1218,1218
1119,1319,1319,1319,1219,1219,1219,1219,1219,1219,1219
1120,1320,1320,1320,1220,1220,1220,1220,1220,1220,1220
1121,1321,1321,1321,1221,1221,1221,1221,1221,1221,1221
1122,1322,1322,1322,1222,1222,1222,1222,1222,1222,1222
1123,1323,1323,1323,1223,1223,1223,1223,1223,1223,1223
1124,1324,1324,1324,1224,1224,1224,1224,1224,1224,1224
1125,1325,1325,1325,1225,1225,1225,1225,1225,1225,1225
1126,1326,1326,1326,1226,1226,1226,1226,1226,1226,1226
1127,1327,1327,1327,1227,1227,1227,1227,1227,1227,1227
1128,1328,1328,1328,1228,1228,1228,1228,1228,1228,1228
1129,1329,1329,1329,1229,1229,1229,1229,1229,1229,1229
1130,1330,1330,1330,1230,1230,1230,1230,1230,1230,1230
1131,1331,1331,1331,1231,1231,1231,1231,1231,1231,1231
1132,1332,1332,1332,1232,1232,1232,1232,1232,1232,1232
1133,1333,1333,1333,1233,1233,1233,1233,1233,1233,1233
1134,1334,1334,1334,1234,1234,1234,1234,1234,1234,1234
1135,1335,1335,1335,1235,1235,1235,1235,1235,1235,1235
1136,1336,1336,1336,1236,1236,1236,1236,1236,1236,1236
1137,1337,1337,1337,1237,1237,1237,1237,1237,1237,1237
1138,1338,1338,1338,1238,1238,1238,1238,1238,1238,1238
1139,1339,1339,1339,1239,1239,1239,1239,1239,1239,1239
1140,1340,1340,1340,1240,1240,1240,1240,1240,1240,1240
1141,1341,1341,1341,1241,1241,1241,1241,1241,1241,1241
1142,1342,1342,1342,1242,1242,1242,1242,1242,1242,1242
1143,1343,1343,1343,1243,1243,1243,1243,1243,1243,1243
1144,1344,1344,1344,1244,1244,1244,1244,1244,1244,1244
1145,1345,1345,1345,1245,1245,1245,1245,1245,1245,1245
1146,1346,1346,1346,1246,1246,1246,1246,1246,1246,1246
1147,1347,1347,1347,1247,1247,1247,1247,1247,1247,1247
1148,1348,1348,1348,1248,1248,1248,1248,1248,1248,1248
1149,1349,1349,1349,1249,1249,1249,1249,1249,1249,1249
1150,1350,1350,1350,1250,1250,1250,1250,1250,1250,1250
1151,1351,1351,1351,1251,1251,1251,1251,1251,1251,1251
1152,1352,1352,1352,1252,1252,1252,1252,1252,1252,1252
1153,1353,1353,1353,1253,1253,1253,1253,1253,1253,1253
1154,1354,1354,1354,1254,1254,1254,1254,1254,1254,1254
1155,1355,1355,1355,1255,1255,1255,1255,1255,1255,1255
1156,1356,1356,1356,1256,1256,1256,1256,1256,1256,1256
1157,1357,1357,1357,1257,1257,1257,1257,1257,1257,1257
1158,1358,1358,1358,1258,1258,1258,1258,1258,1258,1258
1159,1359,1359,1359,1259,1259,1259,1259,1259,1259,1259
1160,1360,1360,1360,1260,1260,1260,1260,1260,1260,1260
1161,1361,1361,1361,1261,1261,1261,1261,1261,1261,1261
1162,1362,1362,1362,1262,1262,1262,1262,1262,1262,1262
1163,1363,1363,1363,1263,1263,1263,1263,1263,1263,1263
1164,1364,1364,1364,1264,1264,1264,1264,1264,1264,1264
1165,1365,1365,1365,1265,1265,1265,1265,1265,1265,1265
1166,1366,1366,1366,1266,1266,1266,1266,1266,1266,1266
1167,1367,1367,1367,1267,1267,1267,1267,1267,1267,1267
1168,1368,1368,1368,1268,1268,1268,1268,1268,1268,1268
1169,1369,1369,1369,1269,1269,1269,1269,1269,1269,1269
1170,1370,1370,1370,1270,1270,1270,1270,1270,1270,1270
1171,1371,1371,1371,1271,1271,1271,1271,1271,1271,1271
1172,1372,1372,1372,1272,1272,1272,1272,1272,1272,1272
1173,1373,1373,1373,1273,1273,1273,1273,1273,1273,1273
1174,1374,1374,1374,1274,1274,1274,1274,1274,1274,1274
1175,1375,1375,1375,1275,1275,1275,1275,1275,1275,1275
1176,1376,1376,1376,1276,1276,1276,1276,1276,1276,1276
1177,1377,1377,1377,1277,1277,1277,1277,1277,1277,1277
1178,1378,1378,1378,1278,1278,1278,1278,1278,1278,1278
1179,1379,1379,1379,1279,1279,1279,1279,1279,1279,1279
1180,1380,1380,1380,1280,1280,1280,1280,1280,1280,1280
1181,1381,1381,1381,1281,1281,1281,1281,1281,1281,1281
1182,1382,1382,1382,1282,1282,1282,1282,1282,1282,1282
1183,1383,1383,1383,1283,1283,1283,1283,1283,1283,1283
1184,1384,1384,1384,1284,1284,1284,1284,1284,1284,1284
1185,1385,1385,1385,1285,1285,1285,1285,1285,1285,1285
1186,1386,1386,1386,1286,1286,1286,1286,1286,1286,1286
1187,1387,1387,1387,1287,1287,1287,1287,1287,1287,1287
1188,1388,1388,1388,1288,1288,1288,1288,1288,1288,1288
1189,1389,1389,1389,1289,1289,1289,1289,1289,1289,1289
1190,1390,1390,1390,1290,1290,1290,1290,1290,1290,1290
1191,1391,1391,1391,1291,1291,1291,1291,1291,1291,1291
1192,1392,1392,1392,1292,1292,1292,1292,1292,1292,1292
1193,1393,1393,1393,1293,1293,1293,1293,1293,1293,1293
1194,1394,1394,1394,1294,1294,1294,1294,1294,1294,1294
1195,1395,1395,1395,1295,1295,1295,1295,1295,1295,1295
1196,1396,1396,1396,1296,1296,1296,1296,1296,1296,1296
1197,1397,1397,1397,1297,1297,1297,1297,1297,1297,1297
1198,1398,1398,1398,1298,1298,1298,1298,1298,1298,1298
1199,1399,1399,1399,1299,1299,1299,1299,1299,1299,1299
1200,1400,1400,1400,1400,1300,1300,1300,1300,1300,1300
1201,1401,1401,1401,1401,1301,1301,1301,1301,1301,1301
1202,1402,1402,1402,1402,1302,1302,1302,1302,1302,1302
1203,1403,1403,1403,1403,1303,1303,1303,1303,1303,1303
1204,1404,1404,1404,1404,1304,1304,1304,1304,1304,1304
1205,1405,1405,1405,1405,1305,1305,1305,1305,1305,1305
1206,1406,1406,1406,1406,1306,1306,1306,1306,1306,1306
1207,1407,1407,1407,1407,1307,1307,1307,1307,1307,1307
1208,1408,1408,1408,1408,1308,1308,1308,1308,1308,1308
1209,1409,1409,1409,1409,1309,1309,1309,1309,1309,1309
1210,1410,1410,1410,1410,1310,1310,1310,1310,1310,1310
1211,1411,1411,1411,1411,1311,1311,1311,1311,1311,1311
1212,1412,1412,1412,1412,1312,1312,1312,1312,1312,1312
1213,1413,1413,1413,1413,1313,1313,1313,1313,1313,1313
1214,1414,1414,1414,1414,1314,1314,1314,1314,1314,1314
1215,1415,1415,1415,1415,1315,1315,1315,1315,1315,1315
1216,1416,1416,1416,1416,1316,1316,1316,1316,1316,1316
1217,1417,1417,1417,1417,1317,1317,1317,1317,1317,1317
1218,1418,1418,1418,1418,1318,1318,1318,1318,1318,1318
1219,1419,1419,1419,1419,1319,1319,1319,1319,1319,1319
1220,1420,1420,1420,1420,1320,1320,1320,1320,1320,1320
1221,1421,1421,1421,1421,1321,1321,1321,1321,1321,1321
1222,1422,1422,1422,1422,1322,1322,1322,1322,1322,1322
1223,1423,1423,1423,1423,1323,1323,1323,1323,1323,1323
1224,1424,1424,1424,1424,1324,1324,1324,1324,1324,1324
1225,1425,1425,1425,1425,1325,1325,1325,1325,1325,1325
1226,1426,1426,1426,1426,1326,1326,1326,1326,1326,1326
1227,1427,1427,1427,1427,1327,1327,1327,1327,1327,1327
1228,1428,1428,1428,1428,1328,1328,1328,1328,1328,1328
1229,1429,1429,1429,1429,1329,1329,1329,1329,1329,1329
1230,1430,1430,1430,1430,1330,1330,1330,1330,1330,1330
1231,1431,1431,1431,1431,1331,1331,1331,1331,1331,1331
1232,1432,1432,1432,1432,1332,1332,1332,1332,1332,1332
1233,1433,1433,1433,1433,1333,1333,1333,1333,1333,1333
1234,1434,1434,1434,1434,1334,1334,1334,1334,1334,1334
1235,1435,1435,1435,1435,1335,1335,1335,1335,1335,1335
1236,1436,1436,1436,1436,1336,1336,1336,1336,1336,1336
1237,1437,1437,1437,1437,1337,1337,1337,1337,1337,1337
1238,1438,1438,1438,1438,1338,1338,1338,1338,1338,1338
1239,1439,1439,1439,1439,1339,1339,1339,1339,1339,1339
1240,1440,1440,1440,1440,1340,1340,1340,1340,1340,1340
1241,1441,1441,1441,1441,1341,1341,1341,1341,1341,1341
1242,1442,1442,1442,1442,1342,1342,1342,1342,1342,1342
1243,1443,1443,1443,1443,1343,1343,1343,1343,1343,1343
1244,1444,1444,1444,1444,1344,1344,1344,1344,1344,1344
1245,1445,1445,1445,1445,1345,1345,1345,1345,1345,1345
1246,1446,1446,1446,1446,1346,1346,1346,1346,1346,1346
1247,1447,1447,1447,1447,1347,1347,1347,1347,1347,1347
1248,1448,1448,1448,1448,1348,1348,1348,1348,1348,1348
1249,1449,1449,1449,1449,1349,1349,1349,1349,1349,1349
1250,1450,1450,1450,1450,1350,1350,1350,1350,1350,1350
1251,1451,1451,1451,1451,1351,1351,1351,1351,1351,1351
1252,1452,1452,1452,1452,1352,1352,1352,1352,1352,1352
1253,1453,1453,1453,1453,1353,1353,1353,1353,1353,1353
1254,1454,1454,1454,1454,1354,1354,1354,1354,1354,1354
1255,1455,1455,1455,1455,1355,1355,1355,1355,1355,1355
1256,1456,1456,1456,1456,1356,1356,1356,1356,1356,1356
1257,1457,1457,1457,1457,1357,1357,1357,1357,1357,1357
1258,1458,1458,1458,1458,1358,1358,1358,1358,1358,1358
1259,1459,1459,1459,1459,1359,1359,1359,1359,1359,1359
1260,1460,1460,1460,1460,1360,1360,1360,1360,1360,1360
1261,1461,1461,1461,1461,1361,1361,1361,1361,1361,1361
1262,1462,1462,1462,1462,1362,1362,1362,1362,1362,1362
1263,1463,1463,1463,1463,1363,1363,1363,1363,1363,1363
1264,1464,1464,1464,1464,1364,1364,1364,1364,1364,1364
1265,1465,1465,1465,1465,1365,1365,1365,1365,1365,1365
1266,1466,1466,1466,1466,1366,1366,1366,1366,1366,1366
1267,1467,1467,1467,1467,1367,1367,1367,1367,1367,1367
1268,1468,1468,1468,1468,1368,1368,1368,1368,1368,1368
1269,1469,1469,1469,1469,1369,1369,1369,1369,1369,1369
1270,1470,1470,1470,1470,1370,1370,1370,1370,1370,1370
1271,1471,1471,1471,1471,1371,1371,1371,1371,1371,1371
1272,1472,1472,1472,1472,1372,1372,1372,1372,1372,1372
1273,1473,1473,1473,1473,1373,1373,1373,1373,1373,1373
1274,1474,1474,1474,1474,1374,1374,1374,1374,1374,1374
1275,1475,1475,1475,1475,1375,1375,1375,1375,1375,1375
1276,1476,1476,1476,1476,1376,1376,1376,1376,1376,1376
1277,1477,1477,1477,1477,1377,1377,1377,1377,1377,1377
1278,1478,1478,1478,1478,1378,1378,1378,1378,1378,1378
1279,1479,1479,1479,1479,1379,1379,1379,1379,1379,1379
1280,1480,1480,1480,1480,1380,1380,1380,1380,1380,1380
1281,1481,1481,1481,1481,1381,1381,1381,1381,1381,1381
1282,1482,1482,1482,1482,1382,1382,1382,1382,1382,1382
1283,1483,1483,1483,1483,1383,1383,1383,1383,1383,1383
1284,1484,1484,1484,1484,1384,1384,1384,1384,1384,1384
1285,1485,1485,1485,1485,1385,1385,1385,1385,1385,1385
1286,1486,1486,1486,1486,1386,1386,1386,1386,1386,1386
1287,1487,1487,1487,1487,1387,1387,1387,1387,1387,1387
1288,1488,1488,1488,1488,1388,1388,1388,1388,1388,1388
1289,1489,1489,1489,1489,1389,1389,1389,1389,1389,1389
1290,1490,1490,1490,1490,1390,1390,1390,1390,1390,1390
1291,1491,1491,1491,1491,1391,1391,1391,1391,1391,1391
1292,1492,1492,1492,1492,1392,1392,1392,1392,1392,1392
1293,1493,1493,1493,1493,1393,1393,1393,1393,1393,1393
1294,1494,1494,1494,1494,1394,1394,1394,1394,1394,1394
1295,1495,1495,1495,1495,1395,1395,1395,1395,1395,1395
1296,1496,1496,1496,1496,1396,1396,1396,1396,1396,1396
1297,1497,1497,1497,1497,1397,1397,1397,1397,1397,1397
1298,1498,1498,1498,1498,1398,1398,1398,1398,1398,1398
1299,1499,1499,1499,1499,1399,1399,1399,1399,1399,1399
1300,1500,1500,1500,1500,1500,1400,1400,1400,1400,1400
1301,1501,1501,1501,1501,1501,1401,1401,1401,1401,1401
1302,1502,1502,1502,1502,1502,1402,1402,1402,1402,1402
1303,1503,1503,1503,1503,1503,1403,1403,1403,1403,1403
1304,1504,1504,1504,1504,1504,1404,1404,1404,1404,1404
1305,1505,1505,1505,1505,1505,1405,1405,1405,1405,1405
1306,1506,1506,1506,1506,1506,1406,1406,1406,1406,1406
1307,1507,1507,1507,1507,1507,1407,1407,1407,1407,1407
1308,1508,1508,1508,1508,1508,1408,1408,1408,1408,1408
1309,1509,1509,1509,1509,1509,1409,1409,1409,1409,1409
1310,1510,1510,1510,1510,1510,1410,1410,1410,1410,1410
1311,1511,1511,1511,1511,1511,1411,1411,1411,1411,1411
1312,1512,1512,1512,1512,1512,1412,1412,1412,1412,1412
1313,1513,1513,1513,1513,1513,1413,1413,1413,1413,1413
1314,1514,1514,1514,1514,1514,1414,1414,1414,1414,1414
1315,1515,1515,1515,1515,1515,1415,1415,1415,1415,1415
1316,1516,1516,1516,1516,1516,1416,1416,1416,1416,1416
1317,1517,1517,1517,1517,1517,1417,1417,1417,1417,1417
1318,1518,1518,1518,1518,1518,1418,1418,1418,1418,1418
1319,1519,1519,1519,1519,1519,1419,1419,1419,1419,1419
1320,1520,1520,1520,1520,1520,1420,1420,1420,1420,1420
1321,1521,1521,1521,1521,1521,1421,1421,1421,1421,1421
1322,1522,1522,1522,1522,1522,1422,1422,1422,1422,1422
1323,1523,1523,1523,1523,1523,1423,1423,1423,1423,1423
1324,1524,1524,1524,1524,1524,1424,1424,1424,1424,1424
1325,1525,1525,1525,1525,1525,1425,1425,1425,1425,1425
1326,1526,1526,1526,1526,1526,1426,1426,1426,1426,1426
1327,1527,1527,1527,1527,1527,1427,1427,1427,1427,1427
1328,1528,1528,1528,1528,1528,1428,1428,1428,1428,1428
1329,1529,1529,1529,1529,1529,1429,1429,1429,1429,1429
1330,1530,1530,1530,1530,1530,1430,1430,1430,1430,1430
1331,1531,1531,1531,1531,1531,1431,1431,1431,1431,1431
1332,1532,1532,1532,1532,1532,1432,1432,1432,1432,1432
1333,1533,1533,1533,1533,1533,1433,1433,1433,1433,1433
1334,1534,1534,1534,1534,1534,1434,1434,1434,1434,1434
1335,1535,1535,1535,1535,1535,1435,1435,1435,1435,1435
1336,1536,1536,1536,1536,1536,1436,1436,1436,1436,1436
1337,1537,1537,1537,1537,1537,1437,1437,1437,1437,1437
1338,1538,1538,1538,1538,1538,1438,1438,1438,1438,1438
1339,1539,1539,1539,1539,1539,1439,1439,1439,1439,1439
1340,1540,1540,1540,1540,1540,1440,1440,1440,1440,1440
1341,1541,1541,1541,1541,1541,1441,1441,1441,1441,1441
1342,1542,1542,1542,1542,1542,1442,1442,1442,1442,1442
1343,1543,1543,1543,1543,1543,1443,1443,1443,1443,1443
1344,1544,1544,1544,1544,1544,1444,1444,1444,1444,1444
1345,1545,1545,1545,1545,1545,1445,1445,1445,1445,1445
1346,1546,1546,1546,1546,1546,1446,1446,1446,1446,1446
1347,1547,1547,1547,1547,1547,1447,1447,1447,1447,1447
1348,1548,1548,1548,1548,1548,1448,1448,1448,1448,1448
1349,1549,1549,1549,1549,1549,1449,1449,1449,1449,1449
1350,1550,1550,1550,1550,1550,1450,1450,1450,1450,1450
1351,1551,1551,1551,1551,1551,1451,1451,1451,1451,1451
1352,1552,1552,1552,1552,1552,1452,1452,1452,1452,1452
1353,1553,1553,1553,1553,1553,1453,1453,1453,1453,1453
1354,1554,1554,1554,1554,1554,1454,1454,1454,1454,1454
1355,1555,1555,1555,1555,1555,1455,1455,1455,1455,1455
1356,1556,1556,1556,1556,1556,1456,1456,1456,1456,1456
1357,1557,1557,1557,1557,1557,1457,1457,1457,1457,1457
1358,1558,1558,1558,1558,1558,1458,1458,1458,1458,1458
1359,1559,1559,1559,1559,1559,1459,1459,1459,1459,1459
1360,1560,1560,1560,1560,1560,1460,1460,1460,1460,1460
1361,1561,1561,1561,1561,1561,1461,1461,1461,1461,1461
1362,1562,1562,1562,1562,1562,1462,1462,1462,1462,1462
1363,1563,1563,1563,1563,1563,1463,1463,1463,1463,1463
1364,1564,1564,1564,1564,1564,1464,1464,1464,1464,1464
1365,1565,1565,1565,1565,1565,1465,1465,1465,1465,1465
1366,1566,1566,1566,1566,1566,1466,1466,1466,1466,1466
1367,1567,1567,1567,1567,1567,1467,1467,1467,1467,1467
1368,1568,1568,1568,1568,1568,1468,1468,1468,1468,1468
1369,1569,1569,1569,1569,1569,1469,1469,1469,1469,1469
1370,1570,1570,1570,1570,1570,1470,1470,1470,1470,1470
1371,1571,1571,1571,1571,1571,1471,1471,1471,1471,1471
1372,1572,1572,1572,1572,1572,1472,1472,1472,1472,1472
1373,1573,1573,1573,1573,1573,1473,1473,1473,1473,1473
1374,1574,1574,1574,1574,1574,1474,1474,1474,1474,1474
1375,1575,1575,1575,1575,1575,1475,1475,1475,1475,1475
1376,1576,1576,1576,1576,1576,1476,1476,1476,1476,1476
1377,1577,1577,1577,1577,1577,1477,1477,1477,1477,1477
1378,1578,1578,1578,1578,1578,1478,1478,1478,1478,1478
1379,1579,1579,1579,1579,1579,1479,1479,1479,1479,1479
1380,1580,1580,1580,1580,1580,1480,1480,1480,1480,1480
1381,1581,1581,1581,1581,1581,1481,1481,1481,1481,1481
1382,1582,1582,1582,1582,1582,1482,1482,1482,1482,1482
1383,1583,1583,1583,1583,1583,1483,1483,1483,1483,1483
1384,1584,1584,1584,1584,1584,1484,1484,1484,1484,1484
1385,1585,1585,1585,1585,1585,1485,1485,1485,1485,1485
1386,1586,1586,1586,1586,1586,1486,1486,1486,1486,1486
1387,1587,1587,1587,1587,1587,1487,1487,1487,1487,1487
1388,1588,1588,1588,1588,1588,1488,1488,1488,1488,1488
1389,1589,1589,1589,1589,1589,1489,1489,1489,1489,1489
1390,1590,1590,1590,1590,1590,1490,1490,1490,1490,1490
1391,1591,1591,1591,1591,1591,1491,1491,1491,1491,1491
1392,1592,1592,1592,1592,1592,1492,1492,1492,1492,1492
1393,1593,1593,1593,1593,1593,1493,1493,1493,1493,1493
1394,1594,1594,1594,1594,1594,1494,1494,1494,1494,1494
1395,1595,1595,1595,1595,1595,1495,1495,1495,1495,1495
1396,1596,1596,1596,1596,1596,1496,1496,1496,1496,1496
1397,1597,1597,1597,1597,1597,1497,1497,1497,1497,1497
1398,1598,1598,1598,1598,1598,1498,1498,1498,1498,1498
1399,1599,1599,1599,1599,1599,1499,1499,1499,1499,1499
1400,1600,1600,1600,1600,1600,1600,1500,1500,1500,1500
1401,1601,1601,1601,1601,1601,1601,1501,1501,1501,1501
1402,1602,1602,1602,1602,1602,1602,1502,1502,1502,1502
1403,1603,1603,1603,1603,1603,1603,1503,1503,1503,1503
1404,1604,1604,1604,1604,1604,1604,1504,1504,1504,1504
1405,1605,1605,1605,1605,1605,1605,1505,1505,1505,1505
1406,1606,1606,1606,1606,1606,1606,1506,1506,1506,1506
1407,1607,1607,1607,1607,1607,1607,1507,1507,1507,1507
1408,1608,1608,1608,1608,1608,1608,1508,1508,1508,1508
1409,1609,1609,1609,1609,1609,1609,1509,1509,1509,1509
1410,1610,1610,1610,1610,1610,1610,1510,1510,1510,1510
1411,1611,1611,1611,1611,1611,1611,1511,1511,1511,1511
1412,1612,1612,1612,1612,1612,1612,1512,1512,1512,1512
1413,1613,1613,1613,1613,1613,1613,1513,1513,1513,1513
1414,1614,1614,1614,1614,1614,1614,1514,1514,1514,1514
1415,1615,1615,1615,1615,1615,1615,1515,1515,1515,1515
1416,1616,1616,1616,1616,1616,1616,1516,1516,1516,1516
1417,1617,1617,1617,1617,1617,1617,1517,1517,1517,1517
1418,1618,1618,1618,1618,1618,1618,1518,1518,1518,1518
1419,1619,1619,1619,1619,1619,1619,1519,1519,1519,1519
1420,1620,1620,1620,1620,1620,1620,1520,1520,1520,1520
1421,1621,1621,1621,1621,1621,1621,1521,1521,1521,1521
1422,1622,1622,1622,1622,1622,1622,1522,1522,1522,1522
1423,1623,1623,1623,1623,1623,1623,1523,1523,1523,1523
1424,1624,1624,1624,1624,1624,1624,1524,1524,1524,1524
1425,1625,1625,1625,1625,1625,1625,1525,1525,1525,1525
1426,1626,1626,1626,1626,1626,1626,1526,1526,1526,1526
1427,1627,1627,1627,1627,1627,1627,1527,1527,1527,1527
1428,1628,1628,1628,1628,1628,1628,1528,1528,1528,1528
1429,1629,1629,1629,1629,1629,1629,1529,1529,1529,1529
1430,1630,1630,1630,1630,1630,1630,1530,1530,1530,1530
1431,1631,1631,1631,1631,1631,1631,1531,1531,1531,1531
1432,1632,1632,1632,1632,1632,1632,1532,1532,1532,1532
1433,1633,1633,1633,1633,1633,1633,1533,1533,1533,1533
1434,1634,1634,1634,1634,1634,1634,1534,1534,1534,1534
1435,1635,1635,1635,1635,1635,1635,1535,1535,1535,1535
1436,1636,1636,1636,1636,1636,1636,1536,1536,1536,1536
1437,1637,1637,1637,1637,1637,1637,1537,1537,1537,1537
1438,1638,1638,1638,1638,1638,1638,1538,1538,1538,1538
1439,1639,1639,1639,1639,1639,1639,1539,1539,1539,1539
1440,1640,1640,1640,1640,1640,1640,1540,1540,1540,1540
1441,1641,1641,1641,1641,1641,1641,1541,1541,1541,1541
1442,1642,1642,1642,1642,1642,1642,1542,1542,1542,1542
1443,1643,1643,1643,1643,1643,1643,1543,1543,1543,1543
1444,1644,1644,1644,1644,1644,1644,1544,1544,1544,1544
1445,1645,1645,1645,1645,1645,1645,1545,1545,1545,1545
1446,1646,1646,1646,1646,1646,1646,1546,1546,1546,1546
1447,1647,1647,1647,1647,1647,1647,1547,1547,1547,1547
1448,1648,1648,1648,1648,1648,1648,1548,1548,1548,1548
1449,1649,1649,1649,1649,1649,1649,1549,1549,1549,1549
1450,1650,1650,1650,1650,1650,1650,1550,1550,1550,1550
1451,1651,1651,1651,1651,1651,1651,1551,1551,1551,1551
1452,1652,1652,1652,1652,1652,1652,1552,1552,1552,1552
1453,1653,1653,1653,1653,1653,1653,1553,1553,1553,1553
1454,1654,1654,1654,1654,1654,1654,1554,1554,1554,1554
1455,1655,1655,1655,1655,1655,1655,1555,1555,1555,1555
1456,1656,1656,1656,1656,1656,1656,1556,1556,1556,1556
1457,1657,1657,1657,1657,1657,1657,1557,1557,1557,1557
1458,1658,1658,1658,1658,1658,1658,1558,1558,1558,1558
1459,1659,1659,1659,1659,1659,1659,1559,1559,1559,1559
1460,1660,1660,1660,1660,1660,1660,1560,1560,1560,1560
1461,1661,1661,1661,1661,1661,1661,1561,1561,1561,1561
1462,1662,1662,1662,1662,1662,1662,1562,1562,1562,1562
1463,1663,1663,1663,1663,1663,1663,1563,1563,1563,1563
1464,1664,1664,1664,1664,1664,1664,1564,1564,1564,1564
1465,1665,1665,1665,1665,1665,1665,1565,1565,1565,1565
1466,1666,1666,1666,1666,1666,1666,1566,1566,1566,1566
1467,1667,1667,1667,1667,1667,1667,1567,1567,1567,1567
1468,1668,1668,1668,1668,1668,1668,1568,1568,1568,1568
1469,1669,1669,1669,1669,1669,1669,1569,1569,1569,1569
1470,1670,1670,1670,1670,1670,1670,1570,1570,1570,1570
1471,1671,1671,1671,1671,1671,1671,1571,1571,1571,1571
1472,1672,1672,1672,1672,1672,1672,1572,1572,1572,1572
1473,1673,1673,1673,1673,1673,1673,1573,1573,1573,1573
1474,1674,1674,1674,1674,1674,1674,1574,1574,1574,1574
1475,1675,1675,1675,1675,1675,1675,1575,1575,1575,1575
1476,1676,1676,1676,1676,1676,1676,1576,1576,1576,1576
1477,1677,1677,1677,1677,1677,1677,1577,1577,1577,1577
1478,1678,1678,1678,1678,1678,1678,1578,1578,1578,1578
1479,1679,1679,1679,1679,1679,1679,1579,1579,1579,1579
1480,1680,1680,1680,1680,1680,1680,1580,1580,1580,1580
1481,1681,1681,1681,1681,1681,1681,1581,1581,1581,1581
1482,1682,1682,1682,1682,1682,1682,1582,1582,1582,1582
1483,1683,1683,1683,1683,1683,1683,1583,1583,1583,1583
1484,1684,1684,1684,1684,1684,1684,1584,1584,1584,1584
1485,1685,1685,1685,1685,1685,1685,1585,1585,1585,1585
1486,1686,1686,1686,1686,1686,1686,1586,1586,1586,1586
1487,1687,1687,1687,1687,1687,1687,1587,1587,1587,1587
1488,1688,1688,1688,1688,1688,1688,1588,1588,1588,1588
1489,1689,1689,1689,1689,1689,1689,1589,1589,1589,1589
1490,1690,1690,1690,1690,1690,1690,1590,1590,1590,1590
1491,1691,1691,1691,1691,1691,1691,1591,1591,1591,1591
1492,1692,1692,1692,1692,1692,1692,1592,1592,1592,1592
1493,1693,1693,1693,1693,1693,1693,1593,1593,1593,1593
1494,1694,1694,1694,1694,1694,1694,1594,1594,1594,1594
1495,1695,1695,1695,1695,1695,1695,1595,1595,1595,1595
1496,1696,1696,1696,1696,1696,1696,1596,1596,1596,1596
1497,1697,1697,1697,1697,1697,1697,1597,1597,1597,1597
1498,1698,1698,1698,1698,1698,1698,1598,1598,1598,1598
1499,1699,1699,1699,1699,1699,1699,1599,1599,1599,1599
1500,1700,1700,1700,1700,1700,1700,1700,1600,1600,1600
1501,1701,1701,1701,1701,1701,1701,1701,1601,1601,1601
1502,1702,1702,1702,1702,1702,1702,1702,1602,1602,1602
1503,1703,1703,1703,1703,1703,1703,1703,1603,1603,1603
1504,1704,1704,1704,1704,1704,1704,1704,1604,1604,1604
1505,1705,1705,1705,1705,1705,1705,1705,1605,1605,1605
1506,1706,1706,1706,1706,1706,1706,1706,1606,1606,1606
1507,1707,1707,1707,1707,1707,1707,1707,1607,1607,1607
1508,1708,1708,1708,1708,1708,1708,1708,1608,1608,1608
1509,1709,1709,1709,1709,1709,1709,1709,1609,1609,1609
1510,1710,1710,1710,1710,1710,1710,1710,1610,1610,1610
1511,1711,1711,1711,1711,1711,1711,1711,1611,1611,1611
1512,1712,1712,1712,1712,1712,1712,1712,1612,1612,1612
1513,1713,1713,1713,1713,1713,1713,1713,1613,1613,1613
1514,1714,1714,1714,1714,1714,1714,1714,1614,1614,1614
1515,1715,1715,1715,1715,1715,1715,1715,1615,1615,1615
1516,1716,1716,1716,1716,1716,1716,1716,1616,1616,1616
1517,1717,1717,1717,1717,1717,1717,1717,1617,1617,1617
1518,1718,1718,1718,1718,1718,1718,1718,1618,1618,1618
1519,1719,1719,1719,1719,1719,1719,1719,1619,1619,1619
1520,1720,1720,1720,1720,1720,1720,1720,1620,1620,1620
1521,1721,1721,1721,1721,1721,1721,1721,1621,1621,1621
1522,1722,1722,1722,1722,1722,1722,1722,1622,1622,1622
1523,1723,1723,1723,1723,1723,1723,1723,1623,1623,1623
1524,1724,1724,1724,1724,1724,1724,1724,1624,1624,1624
1525,1725,1725,1725,1725,1725,1725,1725,1625,1625,1625
1526,1726,1726,1726,1726,1726,1726,1726,1626,1626,1626
1527,1727,1727,1727,1727,1727,1727,1727,1627,1627,1627
1528,1728,1728,1728,1728,1728,1728,1728,1628,1628,1628
1529,1729,1729,1729,1729,1729,1729,1729,1629,1629,1629
1530,1730,1730,1730,1730,1730,1730,1730,1630,1630,1630
1531,1731,1731,1731,1731,1731,1731,1731,1631,1631,1631
1532,1732,1732,1732,1732,1732,1732,1732,1632,1632,1632
1533,1733,1733,1733,1733,1733,1733,1733,1633,1633,1633
1534,1734,1734,1734,1734,1734,1734,1734,1634,1634,1634
1535,1735,1735,1735,1735,1735,1735,1735,1635,1635,1635
1536,1736,1736,1736,1736,1736,1736,1736,1636,1636,1636
1537,1737,1737,1737,1737,1737,1737,1737,1637,1637,1637
1538,1738,1738,1738,1738,1738,1738,1738,1638,1638,1638
1539,1739,1739,1739,1739,1739,1739,1739,1639,1639,1639
1540,1740,1740,1740,1740,1740,1740,1740,1640,1640,1640
1541,1741,1741,1741,1741,1741,1741,1741,1641,1641,1641
1542,1742,1742,1742,1742,1742,1742,1742,1642,1642,1642
1543,1743,1743,1743,1743,1743,1743,1743,1643,1643,1643
1544,1744,1744,1744,1744,1744,1744,1744,1644,1644,1644
1545,1745,1745,1745,1745,1745,1745,1745,1645,1645,1645
1546,1746,1746,1746,1746,1746,1746,1746,1646,1646,1646
1547,1747,1747,1747,1747,1747,1747,1747,1647,1647,1647
1548,1748,1748,1748,1748,1748,1748,1748,1648,1648,1648
1549,1749,1749,1749,1749,1749,1749,1749,1649,1649,1649
1550,1750,1750,1750,1750,1750,1750,1750,1650,1650,1650
1551,1751,1751,1751,1751,1751,1751,1751,1651,1651,1651
1552,1752,1752,1752,1752,1752,1752,1752,1652,1652,1652
1553,1753,1753,1753,1753,1753,1753,1753,1653,1653,1653
1554,1754,1754,1754,1754,1754,1754,1754,1654,1654,1654
1555,1755,1755,1755,1755,1755,1755,1755,1655,1655,1655
1556,1756,1756,1756,1756,1756,1756,1756,1656,1656,1656
1557,1757,1757,1757,1757,1757,1757,1757,1657,1657,1657
1558,1758,1758,1758,1758,1758,1758,1758,1658,1658,1658
1559,1759,1759,1759,1759,1759,1759,1759,1659,1659,1659
1560,1760,1760,1760,1760,1760,1760,1760,1660,1660,1660
1561,1761,1761,1761,1761,1761,1761,1761,1661,1661,1661
1562,1762,1762,1762,1762,1762,1762,1762,1662,1662,1662
1563,1763,1763,1763,1763,1763,1763,1763,1663,1663,1663
1564,1764,1764,1764,1764,1764,1764,1764,1664,1664,1664
1565,1765,1765,1765,1765,1765,1765,1765,1665,1665,1665
1566,1766,1766,1766,1766,1766,1766,1766,1666,1666,1666
1567,1767,1767,1767,1767,1767,1767,1767,1667,1667,1667
1568,1768,1768,1768,1768,1768,1768,1768,1668,1668,1668
1569,1769,1769,1769,1769,1769,1769,1769,1669,1669,1669
1570,1770,1770,1770,1770,1770,1770,1770,1670,1670,1670
1571,1771,1771,1771,1771,1771,1771,1771,1671,1671,1671
1572,1772,1772,1772,1772,1772,1772,1772,1672,1672,1672
1573,1773,1773,1773,1773,1773,1773,1773,1673,1673,1673
1574,1774,1774,1774,1774,1774,1774,1774,1674,1674,1674
1575,1775,1775,1775,1775,1775,1775,1775,1675,1675,1675
1576,1776,1776,1776,1776,1776,1776,1776,1676,1676,1676
1577,1777,1777,1777,1777,1777,1777,1777,1677,1677,1677
1578,1778,1778,1778,1778,1778,1778,1778,1678,1678,1678
1579,1779,1779,1779,1779,1779,1779,1779,1679,1679,1679
1580,1780,1780,1780,1780,1780,1780,1780,1680,1680,1680
1581,1781,1781,1781,1781,1781,1781,1781,1681,1681,1681
1582,1782,1782,1782,1782,1782,1782,1782,1682,1682,1682
1583,1783,1783,1783,1783,1783,1783,1783,1683,1683,1683
1584,1784,1784,1784,1784,1784,1784,1784,1684,1684,1684
1585,1785,1785,1785,1785,1785,1785,1785,1685,1685,1685
1586,1786,1786,1786,1786,1786,1786,1786,1686,1686,1686
1587,1787,1787,1787,1787,1787,1787,1787,1687,1687,1687
1588,1788,1788,1788,1788,1788,1788,1788,1688,1688,1688
1589,1789,1789,1789,1789,1789,1789,1789,1689,1689,1689
1590,1790,1790,1790,1790,1790,1790,1790,1690,1690,1690
1591,1791,1791,1791,1791,1791,1791,1791,1691,1691,1691
1592,1792,1792,1792,1792,1792,1792,1792,1692,1692,1692
1593,1793,1793,1793,1793,1793,1793,1793,1693,1693,1693
1594,1794,1794,1794,1794,1794,1794,1794,1694,1694,1694
1595,1795,1795,1795,1795,1795,1795,1795,1695,1695,1695
1596,1796,1796,1796,1796,1796,1796,1796,1696,1696,1696
1597,1797,1797,1797,1797,1797,1797,1797,1697,1697,1697
1598,1798,1798,1798,1798,1798,1798,1798,1698,1698,1698
1599,1799,1799,1799,1799,1799,1799,1799,1699,1699,1699
1600,1800,1800,1800,1800,1800,1800,1800,1800,1700,1700
1601,1801,1801,1801,1801,1801,1801,1801,1801,1701,1701
1602,1802,1802,1802,1802,1802,1802,1802,1802,1702,1702
1603,1803,1803,1803,1803,1803,1803,1803,1803,1703,1703
1604,1804,1804,1804,1804,1804,1804,1804,1804,1704,1704
1605,1805,1805,1805,1805,1805,1805,1805,1805,1705,1705
1606,1806,1806,1806,1806,1806,1806,1806,1806,1706,1706
1607,1807,1807,1807,1807,1807,1807,1807,1807,1707,1707
1608,1808,1808,1808,1808,1808,1808,1808,1808,1708,1708
1609,1809,1809,1809,1809,1809,1809,1809,1809,1709,1709
1610,1810,1810,1810,1810,1810,1810,1810,1810,1710,1710
1611,1811,1811,1811,1811,1811,1811,1811,1811,1711,1711
1612,1812,1812,1812,1812,1812,1812,1812,1812,1712,1712
1613,1813,1813,1813,1813,1813,1813,1813,1813,1713,1713
1614,1814,1814,1814,1814,1814,1814,1814,1814,1714,1714
1615,1815,1815,1815,1815,1815,1815,1815,1815,1715,1715
1616,1816,1816,1816,1816,1816,1816,1816,1816,1716,1716
1617,1817,1817,1817,1817,1817,1817,1817,1817,1717,1717
1618,1818,1818,1818,1818,1818,1818,1818,1818,1718,1718
1619,1819,1819,1819,1819,1819,1819,1819,1819,1719,1719
1620,1820,1820,1820,1820,1820,1820,1820,1820,1720,1720
1621,1821,1821,1821,1821,1821,1821,1821,1821,1721,1721
1622,1822,1822,1822,1822,1822,1822,1822,1822,1722,1722
1623,1823,1823,1823,1823,1823,1823,1823,1823,1723,1723
1624,1824,1824,1824,1824,1824,1824,1824,1824,1724,1724
1625,1825,1825,1825,1825,1825,1825,1825,1825,1725,1725
1626,1826,1826,1826,1826,1826,1826,1826,1826,1726,1726
1627,1827,1827,1827,1827,1827,1827,1827,1827,1727,1727
1628,1828,1828,1828,1828,1828,1828,1828,1828,1728,1728
1629,1829,1829,1829,1829,1829,1829,1829,1829,1729,1729
1630,1830,1830,1830,1830,1830,1830,1830,1830,1730,1730
1631,1831,1831,1831,1831,1831,1831,1831,1831,1731,1731
1632,1832,1832,1832,1832,1832,1832,1832,1832,1732,1732
1633,1833,1833,1833,1833,1833,1833,1833,1833,1733,1733
1634,1834,1834,1834,1834,1834,1834,1834,1834,1734,1734
1635,1835,1835,1835,1835,1835,1835,1835,1835,1735,1735
1636,1836,1836,1836,1836,1836,1836,1836,1836,1736,1736
1637,1837,1837,1837,1837,1837,1837,1837,1837,1737,1737
1638,1838,1838,1838,1838,1838,1838,1838,1838,1738,1738
1639,1839,1839,1839,1839,1839,1839,1839,1839,1739,1739
1640,1840,1840,1840,1840,1840,1840,1840,1840,1740,1740
1641,1841,1841,1841,1841,1841,1841,1841,1841,1741,1741
1642,1842,1842,1842,1842,1842,1842,1842,1842,1742,1742
1643,1843,1843,1843,1843,1843,1843,1843,1843,1743,1743
1644,1844,1844,1844,1844,1844,1844,1844,1844,1744,1744
1645,1845,1845,1845,1845,1845,1845,1845,1845,1745,1745
1646,1846,1846,1846,1846,1846,1846,1846,1846,1746,1746
1647,1847,1847,1847,1847,1847,1847,1847,1847,1747,1747
1648,1848,1848,1848,1848,1848,1848,1848,1848,1748,1748
1649,1849,1849,1849,1849,1849,1849,1849,1849,1749,1749
1650,1850,1850,1850,1850,1850,1850,1850,1850,1750,1750
1651,1851,1851,1851,1851,1851,1851,1851,1851,1751,1751
1652,1852,1852,1852,1852,1852,1852,1852,1852,1752,1752
1653,1853,1853,1853,1853,1853,1853,1853,1853,1753,1753
1654,1854,1854,1854,1854,1854,1854,1854,1854,1754,1754
1655,1855,1855,1855,1855,1855,1855,1855,1855,1755,1755
1656,1856,1856,1856,1856,1856,1856,1856,1856,1756,1756
1657,1857,1857,1857,1857,1857,1857,1857,1857,1757,1757
1658,1858,1858,1858,1858,1858,1858,1858,1858,1758,1758
1659,1859,1859,1859,1859,1859,1859,1859,1859,1759,1759
1660,1860,1860,1860,1860,1860,1860,1860,1860,1760,1760
1661,1861,1861,1861,1861,1861,1861,1861,1861,1761,1761
1662,1862,1862,1862,1862,1862,1862,1862,1862,1762,1762
1663,1863,1863,1863,1863,1863,1863,1863,1863,1763,1763
1664,1864,1864,1864,1864,1864,1864,1864,1864,1764,1764
1665,1865,1865,1865,1865,1865,1865,1865,1865,1765,1765
1666,1866,1866,1866,1866,1866,1866,1866,1866,1766,1766
1667,1867,1867,1867,1867,1867,1867,1867,1867,1767,1767
1668,1868,1868,1868,1868,1868,1868,1868,1868,1768,1768
1669,1869,1869,1869,1869,1869,1869,1869,1869,1769,1769
1670,1870,1870,1870,1870,1870,1870,1870,1870,1770,1770
1671,1871,1871,1871,1871,1871,1871,1871,1871,1771,1771
1672,1872,1872,1872,1872,1872,1872,1872,1872,1772,1772
1673,1873,1873,1873,1873,1873,1873,1873,1873,1773,1773
1674,1874,1874,1874,1874,1874,1874,1874,1874,1774,1774
1675,1875,1875,1875,1875,1875,1875,1875,1875,1775,1775
1676,1876,1876,1876,1876,1876,1876,1876,1876,1776,1776
1677,1877,1877,1877,1877,1877,1877,1877,1877,1777,1777
1678,1878,1878,1878,1878,1878,1878,1878,1878,1778,1778
1679,1879,1879,1879,1879,1879,1879,1879,1879,1779,1779
1680,1880,1880,1880,1880,1880,1880,1880,1880,1780,1780
1681,1881,1881,1881,1881,1881,1881,1881,1881,1781,1781
1682,1882,1882,1882,1882,1882,1882,1882,1882,1782,1782
1683,1883,1883,1883,1883,1883,1883,1883,1883,1783,1783
1684,1884,1884,1884,1884,1884,1884,1884,1884,1784,1784
1685,1885,1885,1885,1885,1885,1885,1885,1885,1785,1785
1686,1886,1886,1886,1886,1886,1886,1886,1886,1786,1786
1687,1887,1887,1887,1887,1887,1887,1887,1887,1787,1787
1688,1888,1888,1888,1888,1888,1888,1888,1888,1788,1788
1689,1889,1889,1889,1889,1889,1889,1889,1889,1789,1789
1690,1890,1890,1890,1890,1890,1890,1890,1890,1790,1790
1691,1891,1891,1891,1891,1891,1891,1891,1891,1791,1791
1692,1892,1892,1892,1892,1892,1892,1892,1892,1792,1792
1693,1893,1893,1893,1893,1893,1893,1893,1893,1793,1793
1694,1894,1894,1894,1894,1894,1894,1894,1894,1794,1794
1695,1895,1895,1895,1895,1895,1895,1895,1895,1795,1795
1696,1896,1896,1896,1896,1896,1896,1896,1896,1796,1796
1697,1897,1897,1897,1897,1897,1897,1897,1897,1797,1797
1698,1898,1898,1898,1898,1898,1898,1898,1898,1798,1798
1699,1899,1899,1899,1899,1899,1899,1899,1899,1799,1799
1700,1900,1900,1900,1900,1900,1900,1900,1900,1900,1800
1701,1901,1901,1901,1901,1901,1901,1901,1901,1901,1801
1702,1902,1902,1902,1902,1902,1902,1902,1902,1902,1802
1703,1903,1903,1903,1903,1903,1903,1903,1903,1903,1803
1704,1904,1904,1904,1904,1904,1904,1904,1904,1904,1804
1705,1905,1905,1905,1905,1905,1905,1905,1905,1905,1805
1706,1906,1906,1906,1906,1906,1906,1906,1906,1906,1806
1707,1907,1907,1907,1907,1907,1907,1907,1907,1907,1807
1708,1908,1908,1908,1908,1908,1908,1908,1908,1908,1808
1709,1909,1909,1909,1909,1909,1909,1909,1909,1909,1809
1710,1910,1910,1910,1910,1910,1910,1910,1910,1910,1810
1711,1911,1911,1911,1911,1911,1911,1911,1911,1911,1811
1712,1912,1912,1912,1912,1912,1912,1912,1912,1912,1812
1713,1913,1913,1913,1913,1913,1913,1913,1913,1913,1813
1714,1914,1914,1914,1914,1914,1914,1914,1914,1914,1814
1715,1915,1915,1915,1915,1915,1915,1915,1915,1915,1815
1716,1916,1916,1916,1916,1916,1916,1916,1916,1916,1816
1717,1917,1917,1917,1917,1917,1917,1917,1917,1917,1817
1718,1918,1918,1918,1918,1918,1918,1918,1918,1918,1818
1719,1919,1919,1919,1919,1919,1919,1919,1919,1919,1819
1720,1920,1920,1920,1920,1920,1920,1920,1920,1920,1820
1721,1921,1921,1921,1921,1921,1921,1921,1921,1921,1821
1722,1922,1922,1922,1922,1922,1922,1922,1922,1922,1822
1723,1923,1923,1923,1923,1923,1923,1923,1923,1923,1823
1724,1924,1924,1924,1924,1924,1924,1924,1924,1924,1824
1725,1925,1925,1925,1925,1925,1925,1925,1925,1925,1825
1726,1926,1926,1926,1926,1926,1926,1926,1926,1926,1826
1727,1927,1927,1927,1927,1927,1927,1927,1927,1927,1827
1728,1928,1928,1928,1928,1928,1928,1928,1928,1928,1828
1729,1929,1929,1929,1929,1929,1929,1929,1929,1929,1829
1730,1930,1930,1930,1930,1930,1930,1930,1930,1930,1830
1731,1931,1931,1931,1931,1931,1931,1931,1931,1931,1831
1732,1932,1932,1932,1932,1932,1932,1932,1932,1932,1832
1733,1933,1933,1933,1933,1933,1933,1933,1933,1933,1833
1734,1934,1934,1934,1934,1934,1934,1934,1934,1934,1834
1735,1935,1935,1935,1935,1935,1935,1935,1935,1935,1835
1736,1936,1936,1936,1936,1936,1936,1936,1936,1936,1836
1737,1937,1937,1937,1937,1937,1937,1937,1937,1937,1837
1738,1938,1938,1938,1938,1938,1938,1938,1938,1938,1838
1739,1939,1939,1939,1939,1939,1939,1939,1939,1939,1839
1740,1940,1940,1940,1940,1940,1940,1940,1940,1940,1840
1741,1941,1941,1941,1941,1941,1941,1941,1941,1941,1841
1742,1942,1942,1942,1942,1942,1942,1942,1942,1942,1842
1743,1943,1943,1943,1943,1943,1943,1943,1943,1943,1843
1744,1944,1944,1944,1944,1944,1944,1944,1944,1944,1844
1745,1945,1945,1945,1945,1945,1945,1945,1945,1945,1845
1746,1946,1946,1946,1946,1946,1946,1946,1946,1946,1846
1747,1947,1947,1947,1947,1947,1947,1947,1947,1947,1847
1748,1948,1948,1948,1948,1948,1948,1948,1948,1948,1848
1749,1949,1949,1949,1949,1949,1949,1949,1949,1949,1849
1750,1950,1950,1950,1950,1950,1950,1950,1950,1950,1850
1751,1951,1951,1951,1951,1951,1951,1951,1951,1951,1851
1752,1952,1952,1952,1952,1952,1952,1952,1952,1952,1852
1753,1953,1953,1953,1953,1953,1953,1953,1953,1953,1853
1754,1954,1954,1954,1954,1954,1954,1954,1954,1954,1854
1755,1955,1955,1955,1955,1955,1955,1955,1955,1955,1855
1756,1956,1956,1956,1956,1956,1956,1956,1956,1956,1856
1757,1957,1957,1957,1957,1957,1957,1957,1957,1957,1857
1758,1958,1958,1958,1958,1958,1958,1958,1958,1958,1858
1759,1959,1959,1959,1959,1959,1959,1959,1959,1959,1859
1760,1960,1960,1960,1960,1960,1960,1960,1960,1960,1860
1761,1961,1961,1961,1961,1961,1961,1961,1961,1961,1861
1762,1962,1962,1962,1962,1962,1962,1962,1962,1962,1862
1763,1963,1963,1963,1963,1963,1963,1963,1963,1963,1863
1764,1964,1964,1964,1964,1964,1964,1964,1964,1964,1864
1765,1965,1965,1965,1965,1965,1965,1965,1965,1965,1865
1766,1966,1966,1966,1966,1966,1966,1966,1966,1966,1866
1767,1967,1967,1967,1967,1967,1967,1967,1967,1967,1867
1768,1968,1968,1968,1968,1968,1968,1968,1968,1968,1868
1769,1969,1969,1969,1969,1969,1969,1969,1969,1969,1869
1770,1970,1970,1970,1970,1970,1970,1970,1970,1970,1870
1771,1971,1971,1971,1971,1971,1971,1971,1971,1971,1871
1772,1972,1972,1972,1972,1972,1972,1972,1972,1972,1872
1773,1973,1973,1973,1973,1973,1973,1973,1973,1973,1873
1774,1974,1974,1974,1974,1974,1974,1974,1974,1974,1874
1775,1975,1975,1975,1975,1975,1975,1975,1975,1975,1875
1776,1976,1976,1976,1976,1976,1976,1976,1976,1976,1876
1777,1977,1977,1977,1977,1977,1977,1977,1977,1977,1877
1778,1978,1978,1978,1978,1978,1978,1978,1978,1978,1878
1779,1979,1979,1979,1979,1979,1979,1979,1979,1979,1879
1780,1980,1980,1980,1980,1980,1980,1980,1980,1980,1880
1781,1981,1981,1981,1981,1981,1981,1981,1981,1981,1881
1782,1982,1982,1982,1982,1982,1982,1982,1982,1982,1882
1783,1983,1983,1983,1983,1983,1983,1983,1983,1983,1883
1784,1984,1984,1984,1984,1984,1984,1984,1984,1984,1884
1785,1985,1985,1985,1985,1985,1985,1985,1985,1985,1885
1786,1986,1986,1986,1986,1986,1986,1986,1986,1986,1886
1787,1987,1987,1987,1987,1987,1987,1987,1987,1987,1887
1788,1988,1988,1988,1988,1988,1988,1988,1988,1988,1888
1789,1989,1989,1989,1989,1989,1989,1989,1989,1989,1889
1790,1990,1990,1990,1990,1990,1990,1990,1990,1990,1890
1791,1991,1991,1991,1991,1991,1991,1991,1991,1991,1891
1792,1992,1992,1992,1992,1992,1992,1992,1992,1992,1892
1793,1993,1993,1993,1993,1993,1993,1993,1993,1993,1893
1794,1994,1994,1994,1994,1994,1994,1994,1994,1994,1894
1795,1995,1995,1995,1995,1995,1995,1995,1995,1995,1895
1796,1996,1996,1996,1996,1996,1996,1996,1996,1996,1896
1797,1997,1997,1997,1997,1997,1997,1997,1997,1997,1897
1798,1998,1998,1998,1998,1998,1998,1998,1998,1998,1898
1799,1999,1999,1999,1999,1999,1999,1999,1999,1999,1899
